  1.2687e-08
 1.26935e-08
 1.26711e-08
 1.26785e-08
 1.26555e-08
  1.2662e-08
  1.2647e-08
  1.2631e-08
 1.26382e-08
 1.26145e-08
 1.26225e-08
 1.25984e-08
 1.26053e-08
 1.25909e-08
 1.25743e-08
 1.25808e-08
 1.27055e-08
   1.269e-08
 1.26964e-08
 1.26732e-08
 1.26805e-08
 1.26575e-08
 1.26644e-08
   1.265e-08
 1.26569e-08
 1.26334e-08
 1.26402e-08
 1.26182e-08
  1.2626e-08
 1.26025e-08
 1.26098e-08
 1.25866e-08
 1.25942e-08
 1.25789e-08
 1.25862e-08
 1.25619e-08
 1.25692e-08
 1.25467e-08
  1.2553e-08
 1.25372e-08
 1.25227e-08
 1.25287e-08
 1.25063e-08
 1.25136e-08
 1.24905e-08
  1.2497e-08
 1.24814e-08
 1.24664e-08
 1.24723e-08
 1.24487e-08
 1.24559e-08
 1.24407e-08
 1.27096e-08
 1.27146e-08
 1.26937e-08
 1.27012e-08
  1.2678e-08
 1.26844e-08
  1.2661e-08
 1.26687e-08
  1.2653e-08
 1.26607e-08
 1.26375e-08
 1.26449e-08
 1.26216e-08
 1.26278e-08
 1.26048e-08
 1.26124e-08
 1.25968e-08
 1.26045e-08
 1.25813e-08
 1.25886e-08
 1.25654e-08
 1.25717e-08
 1.25487e-08
 1.25558e-08
 1.25413e-08
 1.25483e-08
 1.25255e-08
 1.25315e-08
 1.25094e-08
 1.25159e-08
 1.24926e-08
 1.25005e-08
 1.24779e-08
 1.24855e-08
 1.24923e-08
 1.24705e-08
  1.2474e-08
 1.24545e-08
 1.24618e-08
 1.24388e-08
 1.24451e-08
 1.24217e-08
  1.2429e-08
 1.24144e-08
 1.24214e-08
 1.24063e-08
 1.27134e-08
 1.27194e-08
 1.26981e-08
 1.27041e-08
 1.26815e-08
 1.26889e-08
 1.26648e-08
 1.26717e-08
 1.26571e-08
 1.26411e-08
 1.26484e-08
 1.26251e-08
 1.26316e-08
 1.26085e-08
 1.26154e-08
 1.26008e-08
 1.25849e-08
 1.25922e-08
 1.25684e-08
 1.25753e-08
 1.25523e-08
 1.25596e-08
 1.25449e-08
 1.25518e-08
 1.25288e-08
 1.25361e-08
  1.2513e-08
 1.25197e-08
 1.24965e-08
 1.25034e-08
 1.24878e-08
 1.24737e-08
 1.24796e-08
 1.24572e-08
 1.24636e-08
 1.24406e-08
 1.24475e-08
 1.24332e-08
 1.24175e-08
 1.24244e-08
  1.2409e-08
 1.27383e-08
 1.27252e-08
 1.27328e-08
 1.27165e-08
 1.27027e-08
 1.27087e-08
 1.26852e-08
  1.2692e-08
 1.26693e-08
 1.26756e-08
 1.26602e-08
 1.26449e-08
 1.26519e-08
 1.26289e-08
 1.26361e-08
 1.26123e-08
 1.26193e-08
  1.2604e-08
 1.25887e-08
 1.25955e-08
 1.25719e-08
 1.25788e-08
 1.25562e-08
  1.2563e-08
 1.25478e-08
 1.25551e-08
 1.25327e-08
 1.25396e-08
 1.25157e-08
 1.25231e-08
 1.25004e-08
 1.25077e-08
 1.24921e-08
 1.24995e-08
 1.24773e-08
 1.24839e-08
 1.24612e-08
 1.24667e-08
 1.24454e-08
 1.24512e-08
 1.24363e-08
 1.24431e-08
 1.24212e-08
  1.2427e-08
 1.24143e-08
  1.2787e-08
 1.27924e-08
 1.27699e-08
 1.27778e-08
 1.27623e-08
 1.27695e-08
  1.2746e-08
 1.27521e-08
   1.273e-08
 1.27365e-08
 1.27131e-08
 1.27213e-08
  1.2705e-08
 1.27127e-08
 1.26894e-08
 1.26963e-08
 1.26732e-08
 1.26797e-08
 1.26563e-08
 1.26638e-08
  1.2648e-08
 1.26559e-08
 1.26329e-08
 1.26392e-08
 1.26168e-08
 1.26238e-08
    1.26e-08
 1.26075e-08
 1.25923e-08
 1.25996e-08
 1.25764e-08
 1.25833e-08
 1.25599e-08
 1.25669e-08
 1.25442e-08
 1.25516e-08
 1.25357e-08
 1.25426e-08
 1.25207e-08
 1.25277e-08
 1.25053e-08
 1.25114e-08
 1.24887e-08
 1.24959e-08
 1.24804e-08
 1.24883e-08
 1.24657e-08
  1.2471e-08
 1.24491e-08
 1.24559e-08
 1.24418e-08
 1.24465e-08
 1.28422e-08
 1.28434e-08
 1.28272e-08
 1.28342e-08
 1.28419e-08
  1.2819e-08
 1.28268e-08
 1.28031e-08
 1.28097e-08
 1.27959e-08
 1.27752e-08
  1.2776e-08
 1.27659e-08
 1.27504e-08
 1.27568e-08
 1.27333e-08
 1.27413e-08
 1.27179e-08
  1.2724e-08
 1.27088e-08
  1.2693e-08
 1.26997e-08
 1.26764e-08
 1.26844e-08
 1.26602e-08
 1.26671e-08
 1.26525e-08
 1.26371e-08
 1.26431e-08
   1.262e-08
  1.2628e-08
  1.2604e-08
 1.26108e-08
 1.25958e-08
 1.25803e-08
 1.25876e-08
 1.25639e-08
 1.25718e-08
 1.25481e-08
 1.25549e-08
 1.25411e-08
 1.25251e-08
 1.25312e-08
 1.25085e-08
 1.25163e-08
 1.24942e-08
  1.2499e-08
 1.24847e-08
 1.24702e-08
  1.2476e-08
 1.24624e-08
 1.24361e-08
  1.2426e-08
 1.24307e-08
 1.24185e-08
 1.30595e-08
 1.30643e-08
 1.30548e-08
 1.28784e-08
 1.28654e-08
  1.2873e-08
 1.28493e-08
 1.28559e-08
  1.2832e-08
 1.28387e-08
 1.28234e-08
  1.2808e-08
 1.28152e-08
 1.27906e-08
 1.27982e-08
 1.27813e-08
 1.27626e-08
 1.27544e-08
 1.27601e-08
 1.27369e-08
 1.27443e-08
  1.2721e-08
  1.2728e-08
 1.27121e-08
 1.26969e-08
 1.27032e-08
 1.26804e-08
 1.26869e-08
 1.26646e-08
 1.26716e-08
 1.26555e-08
  1.2663e-08
 1.26402e-08
 1.26472e-08
 1.26234e-08
 1.26306e-08
 1.26082e-08
 1.26145e-08
 1.25992e-08
 1.26066e-08
 1.25838e-08
 1.25898e-08
 1.25675e-08
 1.25734e-08
 1.25524e-08
 1.25599e-08
 1.25433e-08
  1.2551e-08
 1.25286e-08
 1.25354e-08
 1.25128e-08
 1.25187e-08
 1.24967e-08
 1.25028e-08
 1.24887e-08
 1.24535e-08
 1.24604e-08
 1.24386e-08
 1.24445e-08
   1.243e-08
  1.2423e-08
 1.31581e-08
 1.31648e-08
   1.315e-08
 1.31577e-08
  1.3134e-08
 1.31401e-08
  1.3117e-08
 1.31234e-08
 1.31086e-08
 1.30921e-08
 1.30984e-08
 1.30746e-08
 1.30827e-08
 1.30703e-08
 1.30061e-08
 1.29895e-08
 1.29981e-08
 1.29823e-08
 1.29894e-08
 1.29663e-08
 1.29719e-08
 1.29488e-08
 1.29548e-08
 1.28781e-08
 1.28699e-08
  1.2876e-08
 1.28546e-08
 1.28602e-08
 1.28364e-08
 1.28433e-08
 1.28278e-08
  1.2812e-08
 1.28191e-08
 1.27953e-08
 1.28019e-08
 1.27791e-08
 1.27859e-08
 1.27696e-08
  1.2754e-08
 1.27611e-08
 1.27417e-08
 1.27482e-08
 1.27247e-08
 1.27323e-08
 1.27086e-08
 1.27168e-08
 1.27006e-08
 1.27082e-08
 1.26843e-08
 1.26917e-08
 1.26674e-08
 1.26737e-08
 1.26597e-08
 1.26438e-08
 1.26507e-08
 1.26279e-08
  1.2635e-08
 1.26111e-08
  1.2618e-08
 1.26022e-08
 1.26101e-08
 1.25872e-08
 1.25934e-08
  1.2571e-08
 1.25792e-08
 1.25565e-08
  1.2563e-08
 1.25402e-08
 1.25473e-08
 1.25324e-08
 1.25384e-08
 1.25166e-08
 1.25228e-08
 1.25011e-08
 1.25087e-08
 1.24839e-08
 1.24739e-08
 1.24791e-08
 1.24579e-08
  1.2464e-08
 1.24413e-08
 1.24485e-08
 1.24344e-08
 1.24405e-08
 1.24276e-08
 1.30969e-08
 1.30828e-08
 1.30897e-08
 1.30654e-08
 1.30722e-08
 1.30481e-08
 1.30556e-08
  1.3041e-08
 1.30478e-08
 1.30246e-08
 1.30312e-08
 1.30087e-08
 1.30138e-08
  1.2966e-08
 1.29533e-08
 1.29598e-08
 1.29364e-08
 1.29445e-08
 1.29288e-08
 1.29359e-08
 1.29126e-08
 1.29185e-08
 1.28949e-08
  1.2901e-08
 1.28785e-08
 1.28857e-08
 1.28775e-08
 1.28554e-08
 1.28402e-08
  1.2848e-08
  1.2824e-08
 1.28322e-08
 1.28162e-08
 1.28231e-08
  1.2799e-08
 1.28062e-08
 1.27833e-08
   1.279e-08
 1.27742e-08
 1.27577e-08
  1.2765e-08
  1.2742e-08
 1.27498e-08
 1.27291e-08
 1.27373e-08
 1.27136e-08
 1.27189e-08
 1.27045e-08
 1.26885e-08
 1.26952e-08
 1.26721e-08
 1.26799e-08
 1.26556e-08
 1.26636e-08
 1.26479e-08
 1.26323e-08
 1.26385e-08
 1.26155e-08
 1.26226e-08
 1.26004e-08
 1.26063e-08
  1.2591e-08
 1.25987e-08
 1.25774e-08
 1.25835e-08
 1.25599e-08
  1.2567e-08
 1.25448e-08
 1.25504e-08
 1.25372e-08
 1.25218e-08
 1.25275e-08
 1.25005e-08
  1.2506e-08
 1.24921e-08
 1.24779e-08
 1.24835e-08
 1.24615e-08
 1.24682e-08
 1.24451e-08
  1.2453e-08
 1.24398e-08
  1.3182e-08
 1.31874e-08
 1.31663e-08
 1.31726e-08
 1.31566e-08
 1.31406e-08
 1.31475e-08
 1.31241e-08
 1.31317e-08
 1.31067e-08
 1.31144e-08
 1.31034e-08
 1.30418e-08
 1.30295e-08
 1.30356e-08
 1.30124e-08
 1.30185e-08
  1.2995e-08
 1.30027e-08
 1.29863e-08
  1.2995e-08
 1.29706e-08
 1.29772e-08
 1.29656e-08
  1.2931e-08
 1.29184e-08
 1.29246e-08
 1.28997e-08
 1.29056e-08
 1.28825e-08
 1.28901e-08
 1.28741e-08
 1.28821e-08
 1.28598e-08
 1.28655e-08
  1.2842e-08
 1.28289e-08
 1.28359e-08
 1.28205e-08
 1.28051e-08
  1.2811e-08
 1.27877e-08
 1.27953e-08
 1.27714e-08
 1.27778e-08
  1.2763e-08
 1.27475e-08
 1.27535e-08
 1.25163e-08
 1.25058e-08
 1.25129e-08
 1.24898e-08
  1.2496e-08
 1.24806e-08
 1.24679e-08
 1.24736e-08
 1.24516e-08
 1.24584e-08
 1.24424e-08
   1.319e-08
 1.31143e-08
 1.31178e-08
 1.31047e-08
 1.30887e-08
 1.30956e-08
 1.30724e-08
 1.30778e-08
 1.30541e-08
  1.3061e-08
 1.30482e-08
 1.30533e-08
 1.29924e-08
 1.29765e-08
 1.29828e-08
 1.29582e-08
  1.2966e-08
 1.29412e-08
 1.29487e-08
 1.29376e-08
  1.2941e-08
 1.29152e-08
 1.29052e-08
 1.29122e-08
 1.28877e-08
 1.28962e-08
 1.28713e-08
  1.2878e-08
 1.28624e-08
  1.2871e-08
 1.28467e-08
 1.28539e-08
 1.28418e-08
 1.31558e-08
 1.31617e-08
 1.31482e-08
  1.3154e-08
   1.313e-08
 1.31372e-08
 1.31241e-08
 1.29769e-08
 1.29658e-08
 1.29728e-08
 1.29482e-08
 1.29545e-08
 1.29304e-08
  1.2939e-08
 1.29226e-08
 1.29302e-08
  1.2915e-08
 1.30056e-08
 1.29908e-08
 1.29978e-08
 1.29837e-08
-8.67573e-07
-8.67565e-07
-8.67564e-07
-8.67558e-07
-8.67554e-07
-8.67545e-07
-8.67539e-07
-8.67533e-07
-8.67523e-07
-8.67519e-07
-8.67506e-07
-8.67505e-07
-8.67497e-07
-8.67495e-07
-8.67484e-07
-8.67475e-07
-8.67471e-07
 -8.6746e-07
-8.67455e-07
-8.67445e-07
-8.67445e-07
-8.67433e-07
-8.67422e-07
-8.67422e-07
-8.67415e-07
-8.67419e-07
-8.67413e-07
-8.67411e-07
-8.67392e-07
-8.67369e-07
-8.67358e-07
-8.67644e-07
-8.67637e-07
-8.67628e-07
-8.67622e-07
-8.67613e-07
-8.67607e-07
  -8.676e-07
 -8.6759e-07
-8.67587e-07
-8.67572e-07
-8.67571e-07
-8.67562e-07
-8.67558e-07
-8.67549e-07
-8.67543e-07
-8.67537e-07
-8.67525e-07
-8.67516e-07
-8.67511e-07
-8.67504e-07
-8.67487e-07
-8.67473e-07
-8.67466e-07
-8.67454e-07
-8.67448e-07
 -8.6744e-07
-8.67434e-07
-8.67428e-07
-8.67418e-07
-8.67419e-07
-8.67411e-07
 -8.6741e-07
-8.67399e-07
-8.67388e-07
-8.67396e-07
-8.67387e-07
-8.67379e-07
-8.67376e-07
-8.67364e-07
-8.67361e-07
-8.67352e-07
-8.67351e-07
 -8.6734e-07
 -8.6733e-07
-8.67331e-07
-8.67315e-07
-8.67333e-07
-8.67741e-07
-8.67712e-07
-8.67701e-07
-8.67695e-07
-8.67685e-07
-8.67677e-07
-8.67669e-07
-8.67661e-07
-8.67664e-07
-8.67655e-07
-8.67648e-07
-8.67642e-07
-8.67619e-07
-8.67621e-07
-8.67607e-07
-8.67584e-07
-8.67611e-07
-8.67603e-07
 -8.6758e-07
-8.67577e-07
-8.67573e-07
-8.67575e-07
-8.67564e-07
 -8.6756e-07
-8.67552e-07
-8.67544e-07
-8.67537e-07
-8.67529e-07
-8.67525e-07
-8.67516e-07
 -8.6751e-07
-8.67504e-07
-8.67495e-07
-8.67492e-07
-8.67485e-07
-8.67479e-07
-8.67471e-07
-8.67468e-07
-8.67459e-07
-8.67449e-07
-8.67447e-07
-8.67439e-07
-8.67435e-07
-8.67427e-07
-8.67423e-07
-8.67414e-07
-8.67404e-07
-8.67398e-07
-8.67388e-07
-8.67386e-07
-8.67377e-07
-8.67378e-07
-8.67369e-07
-8.67364e-07
-8.67364e-07
-8.67762e-07
-8.67761e-07
-8.67753e-07
-8.67743e-07
-8.67738e-07
-8.67728e-07
 -8.6772e-07
-8.67713e-07
-8.67704e-07
-8.67699e-07
-8.67687e-07
-8.67682e-07
-8.67674e-07
-8.67665e-07
-8.67655e-07
 -8.6764e-07
-8.67645e-07
-8.67632e-07
-8.67628e-07
-8.67619e-07
-8.67612e-07
-8.67618e-07
-8.67606e-07
-8.67596e-07
-8.67592e-07
-8.67584e-07
 -8.6758e-07
-8.67573e-07
-8.67563e-07
-8.67568e-07
 -8.6756e-07
-8.67553e-07
-8.67547e-07
-8.67539e-07
-8.67537e-07
-8.67528e-07
-8.67517e-07
-8.67523e-07
-8.67516e-07
-8.67508e-07
-8.67505e-07
-8.67496e-07
-8.67494e-07
-8.67489e-07
-8.67359e-07
-8.67346e-07
-8.67348e-07
-8.67339e-07
-8.67336e-07
-8.67328e-07
-8.67321e-07
-8.67337e-07
 -8.6733e-07
-8.67325e-07
-8.67297e-07
-8.67291e-07
-8.67279e-07
-8.67268e-07
-8.67265e-07
-8.67258e-07
 -8.6725e-07
-8.67243e-07
-8.67232e-07
-8.67238e-07
 -8.6723e-07
 -8.6722e-07
-8.67218e-07
-8.67245e-07
-8.67773e-07
-8.67766e-07
-8.67761e-07
-8.67757e-07
 -8.6775e-07
-8.67741e-07
-8.67734e-07
-8.67725e-07
-8.67717e-07
-8.67709e-07
-8.67693e-07
-8.67694e-07
-8.67685e-07
 -8.6768e-07
-8.67673e-07
-8.67663e-07
 -8.6766e-07
-8.67648e-07
-8.67642e-07
-8.67632e-07
-8.67632e-07
-8.67623e-07
-8.67615e-07
 -8.6761e-07
-8.67604e-07
-8.67598e-07
-8.67589e-07
 -8.6759e-07
-8.67579e-07
-8.67497e-07
-8.67486e-07
-8.67475e-07
-8.67482e-07
-8.67476e-07
-8.67467e-07
-8.67464e-07
-8.67447e-07
-8.67454e-07
-8.67444e-07
-8.67434e-07
-8.67442e-07
-8.67435e-07
-8.67429e-07
-8.67427e-07
-8.67418e-07
-8.67416e-07
-8.67409e-07
-8.67408e-07
-8.67399e-07
-8.67392e-07
-8.67404e-07
-8.67382e-07
-8.67377e-07
-8.67375e-07
-8.67366e-07
-8.67357e-07
-8.67357e-07
 -8.6735e-07
-8.67347e-07
-8.67833e-07
-8.67831e-07
-8.67817e-07
 -8.6781e-07
-8.67798e-07
-8.67788e-07
-8.67792e-07
-8.67782e-07
-8.67774e-07
-8.67766e-07
-8.67765e-07
-8.67764e-07
-8.67755e-07
-8.67746e-07
-8.67745e-07
-8.67735e-07
-8.67727e-07
-8.67721e-07
-8.67712e-07
-8.67707e-07
-8.67697e-07
-8.67692e-07
-8.67684e-07
-8.67678e-07
-8.67673e-07
-8.67664e-07
-8.67659e-07
-8.67579e-07
-8.67571e-07
-8.67569e-07
-8.67562e-07
-8.67559e-07
-8.67551e-07
 -8.6755e-07
-8.67541e-07
-8.67536e-07
-8.67532e-07
-8.67525e-07
-8.67523e-07
-8.67514e-07
-8.67513e-07
-8.67504e-07
  -8.675e-07
-8.67497e-07
 -8.6749e-07
-8.67489e-07
-8.67482e-07
 -8.6748e-07
-8.67473e-07
-8.67468e-07
-8.67466e-07
-8.67459e-07
-8.67348e-07
 -8.6734e-07
-8.67343e-07
-8.67333e-07
-8.67324e-07
-8.67328e-07
-8.67312e-07
-8.67327e-07
-8.67894e-07
-8.67882e-07
-8.67871e-07
-8.67863e-07
-8.67852e-07
 -8.6784e-07
-8.67834e-07
-8.67825e-07
-8.67817e-07
-8.67806e-07
-8.67803e-07
 -8.6779e-07
-8.67782e-07
-8.67776e-07
-8.67768e-07
-8.67665e-07
-8.67662e-07
-8.67654e-07
-8.67649e-07
-8.67643e-07
-8.67635e-07
-8.67639e-07
-8.67632e-07
-8.67625e-07
-8.67623e-07
-8.67616e-07
-8.67613e-07
-8.67607e-07
-8.67599e-07
-8.67603e-07
-8.67599e-07
-8.67593e-07
-8.67588e-07
-8.67582e-07
-8.67578e-07
-8.67573e-07
-8.67566e-07
 -8.6757e-07
-8.67564e-07
-8.67558e-07
-8.67557e-07
-8.67553e-07
-8.67464e-07
-8.67467e-07
-8.67447e-07
-8.67459e-07
-8.67444e-07
-8.67439e-07
-8.67437e-07
-8.67431e-07
-8.67429e-07
-8.67423e-07
-8.67423e-07
-8.67417e-07
-8.67413e-07
 -8.6741e-07
  -8.674e-07
-8.67408e-07
-8.67951e-07
-8.67944e-07
-8.67933e-07
-8.67919e-07
-8.67923e-07
-8.67913e-07
-8.67903e-07
-8.67894e-07
-8.67884e-07
-8.67876e-07
-8.67866e-07
-8.67857e-07
 -8.6785e-07
-8.67838e-07
-8.67833e-07
-8.67826e-07
-8.67811e-07
-8.67802e-07
-8.67804e-07
-8.67794e-07
-8.67783e-07
-8.67781e-07
-8.67772e-07
-8.67767e-07
-8.67757e-07
-8.67753e-07
-8.67742e-07
-8.67732e-07
-8.67747e-07
-8.67733e-07
-8.67725e-07
-8.67721e-07
-8.67714e-07
 -8.6771e-07
-8.67702e-07
-8.67698e-07
-8.67705e-07
-8.67693e-07
-8.67686e-07
-8.67685e-07
-8.67677e-07
-8.67676e-07
 -8.6767e-07
-8.67663e-07
-8.67672e-07
-8.67661e-07
-8.67655e-07
-8.67654e-07
-8.67648e-07
-8.67645e-07
 -8.6764e-07
-8.67551e-07
-8.67551e-07
-8.67545e-07
-8.67539e-07
-8.67543e-07
-8.67539e-07
-8.67534e-07
-8.67531e-07
-8.67526e-07
-8.67524e-07
 -8.6752e-07
-8.67514e-07
-8.67518e-07
-8.67513e-07
 -8.6751e-07
-8.67508e-07
-8.67505e-07
-8.68014e-07
-8.68006e-07
-8.67992e-07
-8.67982e-07
-8.67973e-07
-8.67958e-07
-8.67954e-07
-8.67942e-07
-8.67934e-07
-8.67922e-07
-8.67913e-07
-8.67918e-07
-8.67906e-07
-8.67893e-07
 -8.6789e-07
-8.67873e-07
-8.67866e-07
-8.67859e-07
-8.67851e-07
-8.67858e-07
-8.67851e-07
-8.67839e-07
-8.67835e-07
-8.67823e-07
-8.67821e-07
-8.67811e-07
-8.67798e-07
-8.67806e-07
-8.67798e-07
-8.67786e-07
-8.67786e-07
-8.67778e-07
-8.67776e-07
-8.67768e-07
-8.67769e-07
-8.67759e-07
-8.67751e-07
 -8.6775e-07
-8.67744e-07
-8.67742e-07
-8.67735e-07
-8.67736e-07
-8.67729e-07
-8.67721e-07
-8.67722e-07
-8.67716e-07
-8.67714e-07
-8.67639e-07
-8.67635e-07
-8.67645e-07
-8.67633e-07
-8.67626e-07
-8.67628e-07
-8.67622e-07
-8.67622e-07
-8.67617e-07
-8.67609e-07
-8.67612e-07
-8.67607e-07
-8.67606e-07
-8.67602e-07
-8.67601e-07
-8.67503e-07
-8.67501e-07
-8.67497e-07
-8.67493e-07
-8.67497e-07
-8.67491e-07
-8.67487e-07
-8.67486e-07
-8.67471e-07
-8.68042e-07
-8.68039e-07
 -8.6803e-07
-8.68023e-07
 -8.6801e-07
-8.67999e-07
-8.67989e-07
-8.67978e-07
-8.67982e-07
-8.67972e-07
 -8.6796e-07
-8.67952e-07
 -8.6794e-07
-8.67933e-07
-8.67924e-07
-8.67896e-07
-8.67915e-07
-8.67907e-07
-8.67899e-07
-8.67895e-07
-8.67884e-07
-8.67879e-07
-8.67869e-07
-8.67863e-07
-8.67856e-07
-8.67847e-07
-8.67845e-07
-8.67836e-07
-8.67831e-07
-8.67826e-07
-8.67825e-07
-8.67816e-07
-8.67809e-07
-8.67807e-07
-8.67802e-07
-8.67799e-07
-8.67792e-07
 -8.6779e-07
-8.67785e-07
-8.67778e-07
-8.67779e-07
-8.67772e-07
-8.67716e-07
-8.67708e-07
-8.67697e-07
-8.67711e-07
-8.67702e-07
-8.67693e-07
-8.67697e-07
-8.67691e-07
-8.67693e-07
-8.67688e-07
-8.67678e-07
-8.67692e-07
-8.67684e-07
-8.67679e-07
-8.67604e-07
-8.67597e-07
-8.67594e-07
-8.67603e-07
-8.67593e-07
-8.67589e-07
-8.67589e-07
-8.67585e-07
-8.67587e-07
-8.67581e-07
-8.67575e-07
-8.67578e-07
-8.68067e-07
-8.68055e-07
 -8.6806e-07
-8.68046e-07
 -8.6778e-07
-8.67775e-07
-8.67771e-07
-8.67767e-07
-8.67767e-07
-8.67761e-07
-8.67757e-07
-8.67757e-07
-8.67752e-07
-8.67751e-07
-8.67747e-07
-8.67748e-07
-8.67745e-07
-8.67683e-07
-8.67682e-07
-8.67675e-07
-8.67678e-07
-8.67673e-07
-8.67666e-07
-8.67675e-07
 -8.6767e-07
-8.67666e-07
-8.67668e-07
-8.67665e-07
-8.67576e-07
-8.67574e-07
-8.67573e-07
 -8.6757e-07
-8.67745e-07
-8.67742e-07
-8.67743e-07
-8.67739e-07
-8.67742e-07
-8.67739e-07
 -8.6773e-07
-8.67737e-07
-8.67736e-07
-8.67733e-07
-8.67667e-07
-8.67666e-07
-8.67663e-07
-8.67657e-07
-8.67668e-07
-8.67662e-07
-8.67655e-07
-8.67662e-07
-8.67653e-07
-8.67662e-07
 -8.6765e-07
-8.67735e-07
-8.67734e-07
-8.67733e-07
-8.67734e-07
-8.67732e-07
-8.67728e-07
-8.67733e-07
-8.67731e-07
-8.67728e-07
 -8.6773e-07
-8.67656e-07
 -8.6773e-07
-8.67728e-07
-8.67729e-07
-8.67727e-07
-8.67726e-07
-8.67726e-07
 1.13672e-07
 1.13687e-07
 1.13742e-07
 1.13748e-07
 1.13746e-07
 1.13776e-07
 1.13784e-07
 1.13798e-07
 1.13836e-07
 1.13852e-07
 1.13874e-07
  1.1388e-07
   1.139e-07
 1.13883e-07
 1.13842e-07
 1.13921e-07
 1.13877e-07
 1.13836e-07
 1.13856e-07
 1.13871e-07
  1.1389e-07
 1.14002e-07
 1.13987e-07
 1.13972e-07
 1.13999e-07
 1.14021e-07
  1.1405e-07
 1.14057e-07
 1.14084e-07
 1.14087e-07
 1.14066e-07
 1.13543e-07
 1.13585e-07
 1.13592e-07
 1.13611e-07
 1.13619e-07
 1.13638e-07
 1.13649e-07
 1.13662e-07
 1.13677e-07
 1.13689e-07
 1.13703e-07
 1.13721e-07
 1.13731e-07
 1.13744e-07
 1.13759e-07
 1.13782e-07
 1.13773e-07
 1.13765e-07
 1.13776e-07
 1.13819e-07
  1.1385e-07
 1.13864e-07
 1.13877e-07
 1.13888e-07
 1.13899e-07
 1.13913e-07
 1.13917e-07
 1.13923e-07
 1.13937e-07
 1.13947e-07
 1.13465e-07
 1.13484e-07
 1.13498e-07
   1.135e-07
 1.13516e-07
 1.13532e-07
 1.13549e-07
 1.13559e-07
 1.13571e-07
 1.13582e-07
 1.13596e-07
 1.13604e-07
 1.13616e-07
 1.13634e-07
 1.13649e-07
 1.13659e-07
 1.13677e-07
 1.13682e-07
 1.13697e-07
 1.13706e-07
 1.13716e-07
 1.13732e-07
  1.1375e-07
 1.13766e-07
 1.13779e-07
 1.13793e-07
 1.13806e-07
 1.13816e-07
 1.13837e-07
 1.13848e-07
 1.13861e-07
 1.13873e-07
 1.14288e-07
 1.14312e-07
 1.13385e-07
 1.13402e-07
 1.13423e-07
 1.13438e-07
 1.13457e-07
 1.13471e-07
 1.13486e-07
 1.13496e-07
 1.13514e-07
 1.13524e-07
 1.13542e-07
 1.13555e-07
  1.1357e-07
 1.13587e-07
 1.13599e-07
 1.13609e-07
 1.13629e-07
 1.13645e-07
 1.13655e-07
 1.13669e-07
 1.13681e-07
 1.13698e-07
 1.13709e-07
 1.13731e-07
 1.13749e-07
 1.13764e-07
 1.13777e-07
 1.13792e-07
 1.13805e-07
 1.13819e-07
 1.13834e-07
 1.13848e-07
 1.13863e-07
 1.13877e-07
 1.13896e-07
 1.13895e-07
 1.13325e-07
  1.1333e-07
 1.13349e-07
 1.13362e-07
 1.13387e-07
 1.13395e-07
 1.13409e-07
 1.13419e-07
  1.1344e-07
 1.13451e-07
 1.13467e-07
 1.13486e-07
 1.13495e-07
 1.13511e-07
 1.13527e-07
 1.13538e-07
 1.13554e-07
 1.13573e-07
 1.13587e-07
 1.13597e-07
 1.13608e-07
 1.13622e-07
 1.13638e-07
 1.13657e-07
 1.13676e-07
  1.1369e-07
 1.13707e-07
 1.13711e-07
 1.13724e-07
 1.13735e-07
 1.13745e-07
  1.1376e-07
 1.13775e-07
 1.13791e-07
 1.13808e-07
 1.13828e-07
 1.13834e-07
 1.13841e-07
 1.13862e-07
 1.13883e-07
 1.13897e-07
 1.13909e-07
 1.13928e-07
  1.1394e-07
  1.1395e-07
 1.13973e-07
 1.13981e-07
 1.14001e-07
 1.14015e-07
 1.14034e-07
 1.14046e-07
 1.14061e-07
 1.14077e-07
  1.1409e-07
 1.14105e-07
 1.14122e-07
 1.14142e-07
 1.14149e-07
 1.14162e-07
 1.14178e-07
 1.14197e-07
 1.14204e-07
 1.14209e-07
 1.14223e-07
 1.14248e-07
 1.14254e-07
  1.1427e-07
 1.14286e-07
 1.13168e-07
 1.13118e-07
 1.13182e-07
 1.13197e-07
 1.13259e-07
 1.13232e-07
 1.13292e-07
 1.13269e-07
 1.13231e-07
 1.13354e-07
 1.13304e-07
 1.13281e-07
  1.1342e-07
 1.13351e-07
 1.13334e-07
   1.134e-07
 1.13373e-07
 1.13332e-07
 1.13415e-07
 1.13412e-07
 1.13406e-07
 1.13496e-07
 1.13529e-07
 1.13547e-07
 1.13563e-07
  1.1358e-07
 1.13595e-07
 1.13609e-07
 1.13622e-07
 1.13633e-07
 1.13655e-07
 1.13668e-07
 1.13683e-07
   1.137e-07
 1.13715e-07
 1.13729e-07
  1.1374e-07
 1.13758e-07
 1.13772e-07
 1.13787e-07
   1.138e-07
 1.13819e-07
  1.1383e-07
 1.13842e-07
 1.13858e-07
 1.13876e-07
 1.13892e-07
 1.13904e-07
 1.13925e-07
 1.13936e-07
  1.1395e-07
 1.13962e-07
 1.13979e-07
 1.13994e-07
  1.1401e-07
 1.14025e-07
 1.14039e-07
 1.14053e-07
 1.14065e-07
 1.14081e-07
 1.14097e-07
 1.14106e-07
 1.14116e-07
 1.14127e-07
  1.1414e-07
 1.14152e-07
 1.14165e-07
 1.14172e-07
 1.14189e-07
 1.14197e-07
 1.13223e-07
 1.13196e-07
 1.13275e-07
 1.13232e-07
 1.13316e-07
 1.13281e-07
  1.1322e-07
 1.13365e-07
 1.13327e-07
 1.13286e-07
 1.13412e-07
 1.13381e-07
 1.13343e-07
 1.13422e-07
 1.13397e-07
 1.13454e-07
 1.13398e-07
  1.1351e-07
 1.13494e-07
 1.13471e-07
 1.13516e-07
 1.13501e-07
 1.13566e-07
  1.1355e-07
 1.13503e-07
 1.13632e-07
 1.13569e-07
 1.13547e-07
 1.13611e-07
 1.13611e-07
 1.13677e-07
 1.13639e-07
 1.13608e-07
 1.13714e-07
 1.13681e-07
 1.13643e-07
 1.13706e-07
 1.13698e-07
 1.13762e-07
 1.13754e-07
 1.13705e-07
  1.1371e-07
 1.13771e-07
  1.1378e-07
 1.13738e-07
 1.13811e-07
 1.13785e-07
 1.13828e-07
 1.13837e-07
 1.13802e-07
 1.13914e-07
 1.13852e-07
 1.29571e-08
 1.29613e-08
 1.29414e-08
 1.29502e-08
 1.29251e-08
 1.29333e-08
 1.29202e-08
 1.29776e-08
 1.29859e-08
 1.29627e-08
 1.29705e-08
 1.29779e-08
 1.29468e-08
 1.29546e-08
  1.2931e-08
 1.29389e-08
 1.29143e-08
 1.29229e-08
 1.28995e-08
 1.29088e-08
 1.28766e-08
 1.28841e-08
 1.28923e-08
 1.28607e-08
 1.28692e-08
 1.28765e-08
  1.2845e-08
 1.28529e-08
  1.2829e-08
 1.28369e-08
 1.28129e-08
 1.28209e-08
 1.27964e-08
 1.28058e-08
 1.27801e-08
 1.27876e-08
 1.27629e-08
  1.2772e-08
 1.27799e-08
 1.27496e-08
 1.27588e-08
 1.27633e-08
 1.27339e-08
 1.27416e-08
 1.27271e-08
 1.29846e-08
 1.29923e-08
 1.29686e-08
 1.29765e-08
 1.29526e-08
 1.29612e-08
 1.29368e-08
 1.29447e-08
 1.29208e-08
 1.29288e-08
 1.29039e-08
 1.29129e-08
 1.28891e-08
 1.28971e-08
 1.28734e-08
  1.2881e-08
 1.28495e-08
 1.28569e-08
 1.28652e-08
 1.28336e-08
 1.28418e-08
 1.28493e-08
 1.28177e-08
 1.28256e-08
 1.28017e-08
 1.28096e-08
 1.27855e-08
 1.27936e-08
 1.27689e-08
 1.27785e-08
  1.2754e-08
 1.27619e-08
 1.27383e-08
 1.27469e-08
 1.27241e-08
 1.27303e-08
 1.25844e-08
 1.25725e-08
 1.25803e-08
 1.25566e-08
 1.25645e-08
 1.25398e-08
 1.25494e-08
 1.25249e-08
 1.25328e-08
 1.25014e-08
  1.2509e-08
 1.25169e-08
 1.24854e-08
 1.24931e-08
 1.25013e-08
 1.24695e-08
 1.24774e-08
 1.24853e-08
 1.24538e-08
 1.24617e-08
 1.24692e-08
 1.24376e-08
 1.24457e-08
   1.243e-08
 1.31746e-08
 1.31826e-08
 1.31588e-08
 1.31665e-08
  1.3142e-08
 1.31509e-08
 1.31262e-08
 1.31346e-08
 1.31029e-08
 1.31104e-08
 1.31192e-08
 1.30978e-08
 1.31025e-08
 1.30384e-08
 1.30446e-08
 1.30222e-08
 1.30305e-08
 1.30053e-08
 1.30142e-08
 1.29902e-08
 1.29987e-08
 1.29739e-08
 1.29831e-08
 1.29583e-08
 1.29663e-08
 1.29423e-08
 1.29502e-08
 1.29253e-08
 1.29344e-08
 1.29107e-08
 1.29184e-08
 1.28949e-08
 1.29024e-08
 1.28706e-08
 1.28785e-08
 1.28864e-08
 1.28547e-08
 1.28632e-08
 1.28704e-08
 1.28388e-08
 1.28464e-08
 1.28228e-08
 1.28307e-08
  1.2807e-08
 1.28157e-08
 1.27906e-08
  1.2799e-08
  1.2775e-08
 1.27825e-08
 1.27592e-08
  1.2767e-08
 1.27433e-08
 1.27512e-08
 1.27294e-08
 1.27353e-08
 1.25904e-08
  1.2577e-08
 1.25849e-08
 1.25614e-08
 1.25692e-08
 1.25457e-08
 1.25539e-08
 1.25298e-08
 1.25377e-08
 1.25143e-08
 1.25219e-08
 1.24987e-08
 1.25069e-08
 1.24827e-08
 1.24913e-08
 1.24592e-08
 1.24668e-08
 1.24745e-08
  1.2445e-08
 1.24511e-08
 1.24593e-08
 1.24295e-08
  1.2435e-08
 1.24429e-08
 1.30084e-08
 1.29956e-08
 1.30033e-08
 1.29799e-08
  1.2988e-08
 1.29642e-08
 1.29716e-08
 1.29474e-08
 1.29556e-08
 1.29317e-08
 1.29404e-08
  1.2908e-08
 1.29161e-08
 1.29235e-08
 1.28912e-08
 1.28996e-08
 1.29057e-08
 1.28757e-08
 1.28838e-08
 1.28912e-08
 1.28599e-08
 1.28679e-08
 1.28754e-08
 1.28438e-08
 1.28518e-08
 1.28593e-08
  1.2828e-08
 1.28353e-08
 1.28119e-08
 1.28195e-08
 1.27956e-08
 1.28033e-08
 1.27802e-08
 1.27884e-08
  1.2764e-08
 1.27718e-08
 1.27482e-08
 1.27561e-08
 1.27326e-08
 1.27408e-08
 1.27267e-08
 1.31824e-08
 1.31635e-08
 1.31722e-08
 1.31486e-08
 1.31575e-08
  1.3125e-08
 1.31335e-08
  1.3141e-08
 1.31092e-08
 1.31162e-08
 1.31261e-08
 1.30925e-08
 1.31005e-08
 1.31095e-08
 1.30757e-08
 1.30846e-08
 1.30593e-08
 1.30682e-08
 1.30444e-08
 1.30524e-08
  1.3027e-08
 1.30359e-08
 1.30126e-08
 1.30204e-08
 1.30069e-08
 1.28636e-08
 1.28492e-08
 1.28567e-08
 1.28335e-08
 1.28407e-08
 1.28166e-08
  1.2825e-08
 1.28016e-08
 1.28089e-08
 1.27854e-08
 1.27932e-08
 1.27686e-08
 1.27777e-08
 1.27536e-08
 1.27615e-08
 1.27401e-08
 1.27464e-08
 1.30821e-08
 1.30669e-08
 1.30743e-08
 1.30496e-08
  1.3058e-08
 1.30345e-08
 1.30423e-08
 1.30166e-08
 1.30261e-08
 1.30018e-08
 1.30107e-08
 1.29859e-08
 1.29947e-08
 1.29702e-08
 1.29777e-08
 1.29457e-08
 1.29533e-08
 1.29615e-08
 1.29291e-08
 1.29375e-08
 1.29455e-08
 1.29136e-08
 1.29227e-08
 1.29293e-08
 1.28974e-08
 1.29051e-08
 1.28813e-08
 1.28896e-08
 1.28969e-08
  1.2866e-08
 1.28737e-08
 1.28596e-08
 1.32012e-08
 1.31806e-08
 1.31888e-08
 1.31967e-08
 1.31645e-08
 1.31726e-08
 1.31818e-08
 1.31472e-08
 1.31567e-08
 1.31644e-08
  1.3131e-08
 1.31405e-08
 1.31152e-08
 1.31237e-08
 1.31313e-08
 1.31001e-08
 1.31076e-08
 1.30849e-08
 1.30915e-08
 1.30813e-08
 1.29839e-08
 1.29869e-08
 1.29675e-08
 1.29757e-08
 1.29837e-08
 1.29523e-08
 1.29584e-08
 1.29352e-08
 1.29433e-08
 1.29191e-08
  1.2928e-08
  1.2903e-08
 1.29114e-08
 1.28869e-08
 1.28949e-08
   1.287e-08
 1.28788e-08
 1.28549e-08
 1.28628e-08
 1.28388e-08
 1.28467e-08
 1.28217e-08
 1.28307e-08
 1.28068e-08
 1.28147e-08
 1.27909e-08
 1.27989e-08
 1.27671e-08
 1.27743e-08
 1.27829e-08
  1.2751e-08
  1.2759e-08
 1.27669e-08
 1.27354e-08
 1.27433e-08
  1.2751e-08
 1.27197e-08
 1.27275e-08
 1.27037e-08
 1.27119e-08
  1.2688e-08
 1.26957e-08
 1.26728e-08
 1.26799e-08
 1.26557e-08
 1.26645e-08
 1.26409e-08
 1.26488e-08
 1.26244e-08
  1.2633e-08
 1.26097e-08
 1.26174e-08
  1.2594e-08
 1.26017e-08
 1.25709e-08
 1.25791e-08
 1.25856e-08
 1.25552e-08
 1.25629e-08
 1.25707e-08
 1.25508e-08
 1.25549e-08
 1.31223e-08
 1.31053e-08
 1.31151e-08
 1.30898e-08
 1.30984e-08
 1.30737e-08
 1.30815e-08
  1.3057e-08
 1.30652e-08
 1.30401e-08
 1.30485e-08
 1.30238e-08
 1.30325e-08
 1.30002e-08
 1.30082e-08
 1.30171e-08
 1.29936e-08
 1.30001e-08
 1.28916e-08
 1.28967e-08
 1.28753e-08
 1.28845e-08
 1.28598e-08
 1.28679e-08
 1.28443e-08
 1.28508e-08
 1.28276e-08
 1.28356e-08
 1.28042e-08
 1.28113e-08
 1.28188e-08
 1.27962e-08
 1.28033e-08
 1.27721e-08
 1.27796e-08
 1.27874e-08
 1.27555e-08
 1.27641e-08
 1.27718e-08
 1.27404e-08
 1.27483e-08
 1.27559e-08
 1.27248e-08
 1.27324e-08
 1.27085e-08
 1.27155e-08
  1.2694e-08
 1.27011e-08
 1.26772e-08
 1.26847e-08
 1.26602e-08
 1.26698e-08
 1.26518e-08
 1.26547e-08
 1.25398e-08
 1.25455e-08
 1.25243e-08
 1.25319e-08
  1.2509e-08
 1.25175e-08
 1.24928e-08
 1.25007e-08
  1.2486e-08
  1.3221e-08
  1.3229e-08
 1.32045e-08
 1.32133e-08
 1.32208e-08
 1.31872e-08
 1.31956e-08
 1.31714e-08
 1.31805e-08
 1.31553e-08
 1.31635e-08
 1.31389e-08
  1.3147e-08
 1.31254e-08
 1.31306e-08
 1.30388e-08
  1.3043e-08
 1.30216e-08
 1.30296e-08
 1.30389e-08
 1.30058e-08
 1.30143e-08
 1.30215e-08
 1.29895e-08
  1.2997e-08
 1.30055e-08
 1.29724e-08
 1.29811e-08
 1.29892e-08
 1.29569e-08
 1.29655e-08
 1.29728e-08
 1.29399e-08
 1.29487e-08
 1.29245e-08
 1.29339e-08
 1.29081e-08
 1.29171e-08
 1.28928e-08
 1.29008e-08
 1.26473e-08
 1.26524e-08
  1.2632e-08
 1.26361e-08
  1.3235e-08
 1.31454e-08
 1.31489e-08
 1.31291e-08
 1.31367e-08
 1.31118e-08
 1.31198e-08
 1.30952e-08
 1.31039e-08
 1.30797e-08
  1.3088e-08
 1.30639e-08
 1.30701e-08
 1.30484e-08
  1.3055e-08
 1.29771e-08
 1.29634e-08
 1.29701e-08
 1.29462e-08
 1.29529e-08
 1.29298e-08
 1.29381e-08
 1.29122e-08
 1.29223e-08
 1.28963e-08
  1.2906e-08
 1.28809e-08
 1.28896e-08
 1.28654e-08
  1.2874e-08
 1.28496e-08
 1.28568e-08
 1.28248e-08
 1.28321e-08
 1.28407e-08
 1.28093e-08
  1.2817e-08
 1.28247e-08
  1.2793e-08
 1.28018e-08
 1.28102e-08
 1.27771e-08
 1.27852e-08
 1.27615e-08
 1.27693e-08
  1.2745e-08
 1.27535e-08
 1.27314e-08
 1.27369e-08
 1.27135e-08
 1.27224e-08
 1.26971e-08
 1.27052e-08
  1.2693e-08
 1.26651e-08
 1.26546e-08
 1.26574e-08
 1.32328e-08
 1.32121e-08
  1.3219e-08
 1.32278e-08
 1.31953e-08
 1.32041e-08
 1.31779e-08
 1.31867e-08
  1.3162e-08
 1.31697e-08
 1.31539e-08
 1.30805e-08
 1.30551e-08
  1.3033e-08
 1.30111e-08
 1.30173e-08
  1.3029e-08
 1.29958e-08
 1.30033e-08
 1.30112e-08
 1.29797e-08
 1.29874e-08
 1.29953e-08
 1.29761e-08
 1.29164e-08
 1.29038e-08
 1.29115e-08
 1.28793e-08
 1.28861e-08
  1.2896e-08
 1.28631e-08
 1.28711e-08
 1.28793e-08
 1.28469e-08
 1.28549e-08
 1.28628e-08
 1.28312e-08
 1.28383e-08
 1.28467e-08
 1.28149e-08
 1.28234e-08
  1.2799e-08
 1.28068e-08
  1.2783e-08
  1.2791e-08
 1.27664e-08
  1.2775e-08
 1.27508e-08
 1.27593e-08
 1.27351e-08
 1.27431e-08
 1.27192e-08
 1.27281e-08
 1.27043e-08
 1.27112e-08
 1.26809e-08
 1.26879e-08
 1.26963e-08
 1.26655e-08
 1.26735e-08
 1.26806e-08
 1.26512e-08
  1.2658e-08
 1.26652e-08
  1.3238e-08
 1.30872e-08
 1.30923e-08
 1.30181e-08
 1.30252e-08
 1.30016e-08
 1.30097e-08
 1.29857e-08
 1.29934e-08
 1.29685e-08
 1.29769e-08
 1.29526e-08
 1.29605e-08
 1.29352e-08
 1.29443e-08
 1.29208e-08
 1.29278e-08
 1.29132e-08
 1.26498e-08
 1.26533e-08
 1.26343e-08
 1.26415e-08
 1.26501e-08
  1.2619e-08
 1.26268e-08
  1.2634e-08
 1.26027e-08
 1.26105e-08
 1.26182e-08
 1.25882e-08
 1.25955e-08
 1.26022e-08
 1.25726e-08
 1.25811e-08
 1.25688e-08
 1.31858e-08
  1.3192e-08
  1.3168e-08
 1.31777e-08
 1.30846e-08
 1.30931e-08
 1.30679e-08
 1.30766e-08
 1.30512e-08
   1.306e-08
  1.3034e-08
 1.30435e-08
 1.30298e-08
 1.12586e-07
 1.12623e-07
 1.12632e-07
 1.12769e-07
 1.12765e-07
 1.12778e-07
 1.12784e-07
  1.1287e-07
 1.12895e-07
 1.12943e-07
 1.12945e-07
 1.12964e-07
 1.12987e-07
 1.13006e-07
  1.1301e-07
 1.13025e-07
 1.13005e-07
 1.13016e-07
 1.13041e-07
 1.13132e-07
 1.13129e-07
  1.1266e-07
 1.12664e-07
 1.12687e-07
 1.12711e-07
 1.12739e-07
 1.12737e-07
 1.12761e-07
 1.12771e-07
 1.12785e-07
   1.128e-07
 1.12816e-07
 1.12819e-07
 1.12827e-07
 1.12828e-07
 1.12846e-07
  1.1285e-07
 1.12938e-07
 1.12951e-07
 1.13186e-07
  1.1321e-07
 1.13217e-07
  1.1249e-07
 1.12537e-07
 1.12543e-07
  1.1256e-07
 1.12576e-07
 1.12599e-07
 1.12606e-07
  1.1262e-07
  1.1263e-07
 1.12641e-07
 1.12657e-07
 1.12677e-07
 1.12678e-07
  1.1272e-07
 1.12711e-07
 1.12727e-07
 1.12716e-07
 1.12732e-07
 1.12743e-07
 1.12758e-07
  1.1279e-07
 1.12814e-07
  1.1282e-07
 1.12837e-07
 1.12845e-07
  1.1288e-07
 1.12883e-07
 1.12905e-07
 1.12917e-07
 1.12939e-07
 1.12944e-07
 1.12961e-07
 1.12967e-07
 1.13054e-07
 1.13075e-07
 1.13095e-07
 1.13113e-07
 1.13143e-07
 1.13144e-07
 1.13159e-07
 1.13153e-07
 1.13171e-07
  1.1318e-07
 1.12453e-07
 1.12467e-07
 1.12477e-07
 1.12497e-07
 1.12513e-07
 1.12527e-07
 1.12533e-07
 1.12554e-07
 1.12567e-07
 1.12586e-07
 1.12594e-07
  1.1261e-07
 1.12626e-07
 1.12644e-07
 1.12655e-07
  1.1266e-07
  1.1264e-07
 1.12663e-07
 1.12671e-07
 1.12733e-07
 1.12733e-07
 1.12749e-07
 1.12762e-07
 1.12779e-07
 1.12795e-07
 1.12812e-07
 1.12823e-07
 1.12841e-07
 1.12855e-07
 1.12872e-07
 1.12881e-07
 1.12904e-07
 1.12918e-07
 1.12936e-07
 1.12945e-07
 1.12961e-07
 1.12975e-07
 1.12993e-07
 1.12999e-07
 1.13025e-07
 1.13046e-07
 1.13061e-07
 1.13068e-07
 1.13084e-07
 1.13089e-07
  1.1308e-07
 1.13107e-07
  1.1309e-07
  1.1239e-07
 1.12407e-07
 1.12422e-07
 1.12442e-07
 1.12448e-07
 1.12464e-07
 1.12479e-07
   1.125e-07
 1.12509e-07
 1.12527e-07
  1.1254e-07
 1.12555e-07
  1.1257e-07
 1.12583e-07
 1.12592e-07
 1.12612e-07
 1.12624e-07
  1.1264e-07
  1.1265e-07
  1.1267e-07
 1.12685e-07
 1.12702e-07
 1.12708e-07
 1.12731e-07
 1.12747e-07
 1.12761e-07
 1.12784e-07
 1.12787e-07
 1.12805e-07
 1.12821e-07
 1.12834e-07
 1.12852e-07
 1.12867e-07
 1.12884e-07
 1.12904e-07
 1.12917e-07
  1.1293e-07
  1.1294e-07
 1.12957e-07
 1.12972e-07
  1.1299e-07
 1.12995e-07
 1.13017e-07
 1.13031e-07
 1.13033e-07
  1.1204e-07
 1.11974e-07
 1.12125e-07
 1.12013e-07
 1.12064e-07
  1.1204e-07
 1.12332e-07
 1.12343e-07
  1.1236e-07
 1.12365e-07
 1.12384e-07
 1.12395e-07
 1.12416e-07
 1.12421e-07
  1.1244e-07
 1.12453e-07
 1.12468e-07
 1.12485e-07
 1.12498e-07
 1.12503e-07
 1.12522e-07
 1.12538e-07
 1.12559e-07
  1.1257e-07
 1.12588e-07
 1.12596e-07
 1.12615e-07
 1.12627e-07
 1.12641e-07
 1.12654e-07
 1.12675e-07
 1.12684e-07
 1.12704e-07
 1.12701e-07
 1.12716e-07
 1.12731e-07
 1.12745e-07
 1.12764e-07
 1.12778e-07
  1.1279e-07
 1.12809e-07
 1.12824e-07
 1.12841e-07
 1.12849e-07
 1.12865e-07
 1.12879e-07
 1.12897e-07
 1.12908e-07
 1.12923e-07
 1.12936e-07
 1.12957e-07
 1.12968e-07
 1.12979e-07
 1.11983e-07
 1.12038e-07
 1.11942e-07
 1.12127e-07
 1.12277e-07
 1.12288e-07
 1.12304e-07
  1.1232e-07
 1.12338e-07
 1.12338e-07
 1.12355e-07
 1.12364e-07
 1.12381e-07
 1.12395e-07
 1.12415e-07
 1.12422e-07
 1.12439e-07
 1.12453e-07
 1.12473e-07
  1.1248e-07
 1.12497e-07
 1.12511e-07
 1.12525e-07
 1.12539e-07
 1.12553e-07
 1.12564e-07
 1.12583e-07
 1.12594e-07
 1.12613e-07
 1.12619e-07
 1.12638e-07
 1.12645e-07
  1.1267e-07
 1.12679e-07
 1.12691e-07
 1.12697e-07
 1.12716e-07
 1.12728e-07
 1.12752e-07
 1.12757e-07
 1.12774e-07
 1.12789e-07
 1.12803e-07
 1.12814e-07
 1.12829e-07
 1.12839e-07
 1.12859e-07
 1.12872e-07
  1.1289e-07
 1.12898e-07
 1.12918e-07
 1.12931e-07
 1.12948e-07
 1.12955e-07
 1.12973e-07
 1.12986e-07
 1.13002e-07
 1.13014e-07
 1.13028e-07
 1.13028e-07
 1.13044e-07
 1.13059e-07
 1.13076e-07
 1.13088e-07
 1.13104e-07
 1.13118e-07
 1.13133e-07
 1.13148e-07
 1.13164e-07
 1.13173e-07
 1.12214e-07
 1.12225e-07
 1.12248e-07
 1.12253e-07
 1.12272e-07
 1.12277e-07
 1.12294e-07
 1.12312e-07
 1.12328e-07
 1.12331e-07
 1.12328e-07
  1.1235e-07
 1.12361e-07
 1.12385e-07
 1.12389e-07
 1.12404e-07
 1.12408e-07
 1.12429e-07
 1.12444e-07
 1.12465e-07
 1.12468e-07
 1.12481e-07
 1.12501e-07
 1.12514e-07
 1.12525e-07
 1.12544e-07
 1.12557e-07
 1.12576e-07
 1.12585e-07
 1.12602e-07
 1.12606e-07
 1.12631e-07
 1.12637e-07
 1.12662e-07
 1.12665e-07
 1.12677e-07
 1.12683e-07
 1.12705e-07
 1.12714e-07
 1.12731e-07
 1.12738e-07
 1.12762e-07
 1.12757e-07
 1.12762e-07
 1.12785e-07
 1.12792e-07
 1.12809e-07
 1.12815e-07
 1.12836e-07
 1.12847e-07
 1.12866e-07
 1.12873e-07
 1.12888e-07
 1.12906e-07
 1.12922e-07
 1.12931e-07
 1.12945e-07
 1.12961e-07
 1.12974e-07
 1.12987e-07
 1.13001e-07
 1.13003e-07
 1.13016e-07
 1.13029e-07
 1.13043e-07
 1.13059e-07
 1.13075e-07
 1.13078e-07
 1.12075e-07
 1.12087e-07
 1.12092e-07
 1.12129e-07
 1.12127e-07
 1.12162e-07
  1.1216e-07
 1.12195e-07
  1.1218e-07
  1.1222e-07
 1.12218e-07
 1.12241e-07
 1.12234e-07
 1.12269e-07
 1.12272e-07
 1.12308e-07
 1.12295e-07
 1.12281e-07
 1.12323e-07
 1.12323e-07
 1.12301e-07
 1.12336e-07
 1.12357e-07
 1.12382e-07
 1.12374e-07
 1.12409e-07
 1.12399e-07
 1.12434e-07
 1.12432e-07
 1.12453e-07
 1.12448e-07
 1.12492e-07
  1.1249e-07
 1.12506e-07
 1.12516e-07
 1.12473e-07
 1.12506e-07
 1.12531e-07
 1.12519e-07
 1.12565e-07
 1.12548e-07
  1.1258e-07
 1.12573e-07
 1.12604e-07
 1.12611e-07
 1.12639e-07
 1.12633e-07
 1.12592e-07
 1.12653e-07
 1.12652e-07
 1.12623e-07
 1.12686e-07
  1.1268e-07
 1.12604e-07
  1.1271e-07
 1.12695e-07
 1.12721e-07
 1.12716e-07
 1.12761e-07
 1.12731e-07
 1.12753e-07
  1.1277e-07
 1.12751e-07
 1.12802e-07
 1.12786e-07
 1.12827e-07
 1.12804e-07
 1.12847e-07
 1.12825e-07
 1.12862e-07
-8.67575e-07
-8.67572e-07
-8.67565e-07
-8.67561e-07
-8.67536e-07
-8.67645e-07
-8.67639e-07
-8.67632e-07
-8.67627e-07
-8.67618e-07
-8.67604e-07
-8.67593e-07
-8.67583e-07
-8.67575e-07
-8.67567e-07
-8.67559e-07
-8.67548e-07
-8.67544e-07
-8.67539e-07
-8.67533e-07
-8.67531e-07
-8.67527e-07
 -8.6752e-07
-8.67511e-07
-8.67506e-07
-8.67499e-07
-8.67494e-07
-8.67485e-07
 -8.6748e-07
 -8.6747e-07
-8.67469e-07
-8.67459e-07
-8.67465e-07
-8.67456e-07
-8.67728e-07
-8.67713e-07
-8.67718e-07
-8.67707e-07
-8.67696e-07
  -8.677e-07
-8.67692e-07
-8.67685e-07
-8.67678e-07
-8.67674e-07
-8.67667e-07
-8.67661e-07
-8.67646e-07
-8.67649e-07
-8.67625e-07
 -8.6763e-07
-8.67617e-07
-8.67624e-07
-8.67605e-07
-8.67603e-07
-8.67597e-07
-8.67596e-07
 -8.6759e-07
-8.67585e-07
-8.67576e-07
-8.67572e-07
-8.67565e-07
 -8.6756e-07
-8.67551e-07
-8.67556e-07
-8.67548e-07
-8.67543e-07
-8.67536e-07
-8.67531e-07
-8.67525e-07
-8.67526e-07
-8.67796e-07
-8.67784e-07
 -8.6778e-07
-8.67773e-07
-8.67767e-07
-8.67758e-07
-8.67762e-07
-8.67752e-07
-8.67746e-07
 -8.6774e-07
-8.67737e-07
-8.67728e-07
-8.67724e-07
-8.67717e-07
 -8.6771e-07
-8.67702e-07
-8.67692e-07
-8.67689e-07
-8.67686e-07
-8.67679e-07
-8.67673e-07
-8.67666e-07
-8.67661e-07
-8.67655e-07
-8.67651e-07
-8.67641e-07
-8.67636e-07
-8.67628e-07
-8.67642e-07
-8.67629e-07
-8.67618e-07
-8.67625e-07
-8.67617e-07
-8.67616e-07
-8.67603e-07
-8.67613e-07
-8.67606e-07
-8.67605e-07
-8.67599e-07
-8.67865e-07
-8.67856e-07
 -8.6785e-07
-8.67844e-07
-8.67838e-07
-8.67829e-07
-8.67824e-07
-8.67815e-07
-8.67809e-07
  -8.678e-07
-8.67806e-07
-8.67796e-07
-8.67793e-07
-8.67787e-07
-8.67782e-07
 -8.6777e-07
-8.67744e-07
-8.67755e-07
-8.67759e-07
-8.67755e-07
 -8.6775e-07
-8.67744e-07
-8.67738e-07
-8.67733e-07
-8.67727e-07
-8.67722e-07
-8.67714e-07
-8.67709e-07
-8.67704e-07
-8.67702e-07
-8.67694e-07
 -8.6769e-07
-8.67683e-07
-8.67683e-07
-8.67676e-07
-8.67682e-07
-8.67672e-07
-8.67661e-07
 -8.6767e-07
-8.67666e-07
-8.67662e-07
-8.67655e-07
-8.67656e-07
-8.67942e-07
-8.67942e-07
-8.67929e-07
-8.67922e-07
-8.67914e-07
-8.67907e-07
  -8.679e-07
-8.67894e-07
-8.67887e-07
-8.67882e-07
-8.67876e-07
-8.67869e-07
-8.67861e-07
-8.67855e-07
-8.67848e-07
-8.67852e-07
 -8.6784e-07
-8.67818e-07
-8.67834e-07
-8.67833e-07
-8.67831e-07
-8.67821e-07
-8.67817e-07
-8.67811e-07
-8.67807e-07
-8.67801e-07
-8.67795e-07
-8.67796e-07
 -8.6779e-07
-8.67785e-07
 -8.6778e-07
-8.67777e-07
-8.67771e-07
-8.67768e-07
-8.67764e-07
-8.67759e-07
-8.67753e-07
 -8.6775e-07
-8.67745e-07
-8.67742e-07
-8.67736e-07
-8.67735e-07
 -8.6774e-07
-8.68021e-07
-8.68015e-07
-8.68003e-07
-8.67998e-07
-8.67993e-07
-8.67987e-07
-8.67979e-07
-8.67972e-07
-8.67964e-07
-8.67957e-07
-8.67949e-07
-8.67948e-07
-8.67938e-07
-8.67935e-07
-8.67927e-07
-8.67919e-07
-8.67899e-07
-8.67911e-07
-8.67908e-07
-8.67903e-07
-8.67899e-07
-8.67891e-07
-8.67887e-07
-8.67879e-07
-8.67876e-07
-8.67872e-07
-8.67868e-07
-8.67861e-07
-8.67859e-07
-8.67855e-07
-8.67854e-07
-8.67846e-07
-8.67843e-07
-8.67837e-07
-8.68104e-07
 -8.6809e-07
 -8.6808e-07
-8.68075e-07
-8.68066e-07
 -8.6806e-07
 -8.6805e-07
-8.68046e-07
 -8.6804e-07
-8.68035e-07
-8.68025e-07
-8.68021e-07
-8.68016e-07
-8.68013e-07
-8.68001e-07
-8.67995e-07
-8.67982e-07
-8.67988e-07
-8.67982e-07
-8.67991e-07
-8.67979e-07
-8.67968e-07
-8.67976e-07
-8.67969e-07
-8.67846e-07
-8.67838e-07
-8.67839e-07
-8.67832e-07
 -8.6783e-07
-8.67822e-07
-8.67824e-07
-8.67837e-07
-8.67984e-07
 -8.6798e-07
-8.67969e-07
-8.67953e-07
-8.67971e-07
-8.67961e-07
-8.67961e-07
-8.67951e-07
-8.67951e-07
-8.67944e-07
-8.67945e-07
-8.67936e-07
-8.67934e-07
-8.67927e-07
-8.67928e-07
-8.67924e-07
-8.67921e-07
-8.67914e-07
-8.67919e-07
-8.67904e-07
-8.68169e-07
-8.68153e-07
-8.68159e-07
-8.68147e-07
 -8.6814e-07
-8.68132e-07
-8.68128e-07
-8.68118e-07
-8.68112e-07
-8.68104e-07
-8.68101e-07
-8.68094e-07
-8.68089e-07
-8.68084e-07
-8.68077e-07
-8.68069e-07
-8.68062e-07
-8.68056e-07
-8.68054e-07
-8.68048e-07
-8.68048e-07
-8.68039e-07
-8.68038e-07
-8.68027e-07
-8.68028e-07
-8.68021e-07
-8.68021e-07
-8.68013e-07
-8.68019e-07
-8.68012e-07
 -8.6801e-07
-8.68006e-07
-8.67916e-07
-8.67912e-07
-8.67898e-07
-8.67907e-07
-8.67893e-07
-8.67905e-07
-8.67887e-07
-8.67907e-07
-8.67898e-07
-8.67893e-07
-8.67892e-07
-8.67897e-07
-8.67886e-07
-8.68017e-07
-8.68013e-07
-8.68007e-07
-8.68007e-07
   -8.68e-07
-8.67999e-07
-8.67995e-07
-8.67992e-07
-8.67991e-07
-8.67989e-07
-8.67984e-07
-8.67983e-07
 -8.6798e-07
-8.67979e-07
-8.67897e-07
-8.67888e-07
-8.67882e-07
-8.67882e-07
-8.67878e-07
-8.67881e-07
-8.67877e-07
-8.67876e-07
-8.67871e-07
-8.67875e-07
-8.67865e-07
-8.67871e-07
-8.67984e-07
-8.67977e-07
-8.67976e-07
-8.67971e-07
-8.67971e-07
-8.67969e-07
-8.67969e-07
-8.67965e-07
-8.67966e-07
 -8.6796e-07
-8.67961e-07
 -8.6787e-07
-8.67866e-07
-8.67873e-07
-8.67861e-07
-8.67866e-07
-8.67858e-07
-8.67862e-07
-8.67856e-07
-8.67864e-07
-8.67963e-07
-8.67956e-07
-8.67963e-07
-8.67959e-07
-8.67966e-07
 -8.6796e-07
-8.67955e-07
-8.67962e-07
-8.67957e-07
-8.67959e-07
-8.67958e-07
-8.67857e-07
-8.67859e-07
-8.67846e-07
-8.67855e-07
-8.67959e-07
-8.67961e-07
-8.67956e-07
-8.67954e-07
-8.67957e-07
-8.67956e-07
-8.67958e-07
-8.67955e-07
-8.67954e-07
-8.67956e-07
-8.67952e-07
-8.67954e-07
-8.67955e-07
-8.67956e-07
-8.67952e-07
 1.29521e-08
 1.29488e-08
 1.29397e-08
 1.29301e-08
 1.29239e-08
 1.29169e-08
 1.29049e-08
 1.29007e-08
 1.28911e-08
 1.28809e-08
 1.28754e-08
 1.28673e-08
 1.28554e-08
 1.28509e-08
 1.28428e-08
 1.28318e-08
 1.28262e-08
 1.28181e-08
 1.28097e-08
 1.29835e-08
 1.29789e-08
 1.29689e-08
 1.29606e-08
 1.29549e-08
 1.29443e-08
 1.29363e-08
 1.29295e-08
 1.29248e-08
 1.28056e-08
 1.28014e-08
 1.27951e-08
  1.2637e-08
 1.26345e-08
 1.26343e-08
 1.26277e-08
 1.26162e-08
 1.26095e-08
 1.26094e-08
 1.26017e-08
 1.25909e-08
  1.2585e-08
 1.25812e-08
 1.29195e-08
 1.29113e-08
 1.29055e-08
 1.28946e-08
 1.28875e-08
 1.28809e-08
 1.28708e-08
 1.28619e-08
  1.2856e-08
 1.28454e-08
 1.28388e-08
 1.28379e-08
 1.28313e-08
 1.28193e-08
 1.28133e-08
 1.28131e-08
 1.28064e-08
 1.27958e-08
 1.27894e-08
 1.27884e-08
 1.27864e-08
 1.26487e-08
 1.26462e-08
 1.26402e-08
 1.26305e-08
  1.2622e-08
 1.26151e-08
 1.26048e-08
 1.25944e-08
 1.25904e-08
 1.25816e-08
 1.25702e-08
 1.25647e-08
 1.25558e-08
  1.2546e-08
 1.25393e-08
 1.25306e-08
 1.25208e-08
 1.25142e-08
 1.25045e-08
 1.24955e-08
 1.24894e-08
 1.24797e-08
 1.24694e-08
 1.24645e-08
 1.24532e-08
 1.24459e-08
 1.24454e-08
 1.24396e-08
 1.30646e-08
 1.30591e-08
 1.30507e-08
 1.30409e-08
 1.30342e-08
 1.30244e-08
 1.30152e-08
 1.30103e-08
 1.30008e-08
 1.29903e-08
 1.29845e-08
  1.2975e-08
 1.29664e-08
 1.29598e-08
 1.29499e-08
 1.29416e-08
 1.29351e-08
  1.2926e-08
 1.29166e-08
  1.2911e-08
 1.28999e-08
 1.28918e-08
 1.28861e-08
  1.2875e-08
 1.28677e-08
 1.28611e-08
 1.28492e-08
  1.2843e-08
 1.28429e-08
 1.28368e-08
 1.28249e-08
 1.28183e-08
 1.28181e-08
 1.28109e-08
 1.27996e-08
 1.27942e-08
  1.2792e-08
 1.26537e-08
 1.26508e-08
 1.26447e-08
  1.2634e-08
 1.26256e-08
 1.26191e-08
 1.26086e-08
 1.25992e-08
 1.25941e-08
 1.25836e-08
 1.25764e-08
 1.25697e-08
 1.25585e-08
 1.25512e-08
 1.25443e-08
 1.25333e-08
  1.2526e-08
 1.25249e-08
 1.25192e-08
 1.25085e-08
  1.2501e-08
 1.25008e-08
 1.24941e-08
 1.24827e-08
 1.24759e-08
 1.24758e-08
 1.24688e-08
 1.24569e-08
 1.24514e-08
 1.24433e-08
 1.24317e-08
 1.24253e-08
 1.24194e-08
  1.2408e-08
 1.24012e-08
 1.31656e-08
 1.31635e-08
 1.31568e-08
 1.31466e-08
 1.31401e-08
 1.31344e-08
 1.26362e-08
 1.26248e-08
 1.31293e-08
  1.3121e-08
  1.3116e-08
 1.31068e-08
  1.3097e-08
 1.30902e-08
 1.30816e-08
 1.30713e-08
 1.30658e-08
 1.30554e-08
 1.30468e-08
 1.30409e-08
 1.30308e-08
 1.30219e-08
 1.30152e-08
 1.30053e-08
 1.29968e-08
 1.29913e-08
 1.29799e-08
 1.29728e-08
 1.29718e-08
  1.2966e-08
 1.29551e-08
 1.29478e-08
 1.29469e-08
 1.29413e-08
 1.29302e-08
 1.29229e-08
 1.29228e-08
 1.29161e-08
 1.29047e-08
  1.2898e-08
 1.28979e-08
 1.28911e-08
 1.28798e-08
 1.28729e-08
 1.28729e-08
 1.28658e-08
 1.28545e-08
  1.2849e-08
 1.28408e-08
 1.28296e-08
  1.2824e-08
 1.28154e-08
 1.28046e-08
 1.27989e-08
 1.26582e-08
 1.26578e-08
 1.26551e-08
 1.26495e-08
 1.26383e-08
 1.26301e-08
  1.2624e-08
 1.26132e-08
 1.26051e-08
  1.2599e-08
 1.25878e-08
  1.2581e-08
 1.25809e-08
 1.25734e-08
 1.25627e-08
 1.25568e-08
 1.25558e-08
 1.25486e-08
 1.25373e-08
 1.25317e-08
 1.25308e-08
 1.25236e-08
 1.25124e-08
 1.25067e-08
 1.24985e-08
 1.24873e-08
 1.24816e-08
 1.24732e-08
 1.24629e-08
 1.24556e-08
 1.24477e-08
 1.24379e-08
 1.24313e-08
 1.24226e-08
 1.24123e-08
 1.24062e-08
 1.24043e-08
 1.24013e-08
 1.31349e-08
 1.31279e-08
 1.31219e-08
 1.31131e-08
 1.31035e-08
 1.30967e-08
 1.30874e-08
 1.30782e-08
 1.30721e-08
 1.30618e-08
 1.30531e-08
  1.3047e-08
 1.30367e-08
 1.30287e-08
 1.30214e-08
 1.30109e-08
 1.30026e-08
  1.2997e-08
 1.29861e-08
 1.29783e-08
 1.29714e-08
 1.29605e-08
 1.29534e-08
 1.29533e-08
 1.29466e-08
 1.29359e-08
 1.29284e-08
 1.29282e-08
 1.29214e-08
 1.29098e-08
 1.29033e-08
 1.28967e-08
 1.28847e-08
 1.28784e-08
 1.28708e-08
 1.28596e-08
 1.28539e-08
 1.28457e-08
 1.28352e-08
 1.28288e-08
 1.28203e-08
 1.28097e-08
 1.28036e-08
 1.27949e-08
 1.27845e-08
 1.27786e-08
 1.27693e-08
 1.27621e-08
 1.26642e-08
 1.26597e-08
  1.2654e-08
 1.26428e-08
 1.26356e-08
 1.26355e-08
 1.26288e-08
 1.26174e-08
 1.26106e-08
 1.26105e-08
 1.26038e-08
 1.25924e-08
 1.25857e-08
 1.25855e-08
 1.25778e-08
 1.25675e-08
 1.25615e-08
 1.25533e-08
 1.25422e-08
 1.25365e-08
 1.25283e-08
 1.25179e-08
 1.25115e-08
 1.25033e-08
 1.24921e-08
 1.24864e-08
 1.24776e-08
 1.24671e-08
 1.24613e-08
 1.24527e-08
 1.24424e-08
 1.24365e-08
 1.24282e-08
  1.2418e-08
 1.24122e-08
 1.31837e-08
 1.31781e-08
 1.31721e-08
 1.31634e-08
  1.3153e-08
  1.3147e-08
 1.31409e-08
 1.31393e-08
 1.31351e-08
 1.31291e-08
 1.31187e-08
 1.31107e-08
  1.3104e-08
 1.30925e-08
 1.30844e-08
  1.3079e-08
 1.30673e-08
 1.30591e-08
 1.30533e-08
 1.30424e-08
 1.30344e-08
 1.30278e-08
 1.30168e-08
 1.30095e-08
 1.30094e-08
 1.30025e-08
  1.2991e-08
 1.29844e-08
 1.29841e-08
  1.2977e-08
 1.29656e-08
 1.29591e-08
 1.29516e-08
 1.29409e-08
 1.29346e-08
 1.29263e-08
  1.2915e-08
 1.29094e-08
 1.29012e-08
 1.28899e-08
 1.28831e-08
 1.28752e-08
 1.28648e-08
 1.28588e-08
 1.28503e-08
 1.28396e-08
 1.28336e-08
 1.28245e-08
  1.2815e-08
  1.2809e-08
 1.27986e-08
 1.27899e-08
 1.27838e-08
 1.27735e-08
 1.27647e-08
 1.27581e-08
 1.27477e-08
 1.27395e-08
 1.27337e-08
 1.27226e-08
 1.27143e-08
 1.27087e-08
 1.26975e-08
 1.26893e-08
 1.26832e-08
  1.2672e-08
 1.26653e-08
 1.26651e-08
 1.26583e-08
 1.26472e-08
 1.26403e-08
 1.26333e-08
 1.26216e-08
 1.26154e-08
 1.26151e-08
 1.26075e-08
 1.25968e-08
 1.25912e-08
  1.2583e-08
 1.25718e-08
 1.25662e-08
 1.25577e-08
 1.25468e-08
 1.25402e-08
 1.25324e-08
 1.25221e-08
 1.25162e-08
 1.25075e-08
  1.2498e-08
 1.24912e-08
 1.24825e-08
 1.24729e-08
 1.24669e-08
 1.24567e-08
  1.2448e-08
 1.24421e-08
 1.24318e-08
  1.2424e-08
 1.24165e-08
 1.24125e-08
 1.31851e-08
 1.31797e-08
 1.31693e-08
 1.31605e-08
 1.31544e-08
 1.31454e-08
 1.29421e-08
 1.29398e-08
 1.29301e-08
 1.29213e-08
 1.29145e-08
 1.29051e-08
 1.28955e-08
 1.28888e-08
 1.28792e-08
 1.28702e-08
 1.28644e-08
 1.28536e-08
  1.2845e-08
 1.28391e-08
 1.28282e-08
 1.28206e-08
 1.28198e-08
 1.28142e-08
 1.28027e-08
 1.27955e-08
 1.27945e-08
 1.27884e-08
 1.27774e-08
 1.27702e-08
 1.27693e-08
 1.27626e-08
 1.27517e-08
 1.27468e-08
 1.27449e-08
 1.27374e-08
  1.2726e-08
   1.272e-08
 1.27198e-08
 1.27138e-08
 1.27017e-08
  1.2695e-08
 1.26948e-08
  1.2687e-08
 1.26764e-08
 1.26706e-08
 1.26696e-08
 1.26622e-08
 1.26515e-08
 1.26461e-08
 1.26374e-08
 1.26269e-08
 1.26209e-08
 1.26116e-08
 1.26022e-08
 1.25962e-08
  1.2586e-08
 1.25773e-08
 1.25714e-08
 1.25617e-08
 1.25522e-08
 1.25465e-08
 1.25358e-08
 1.25275e-08
 1.25216e-08
 1.25101e-08
 1.25025e-08
 1.24969e-08
 1.24862e-08
 1.24778e-08
 1.24712e-08
 1.24611e-08
 1.24549e-08
  1.2453e-08
 1.24466e-08
  1.2437e-08
 1.24293e-08
 1.24283e-08
 1.24222e-08
 1.31457e-08
 1.31418e-08
 1.31356e-08
 1.31246e-08
 1.31169e-08
 1.31092e-08
 1.30985e-08
 1.30924e-08
 1.30849e-08
 1.30735e-08
 1.30682e-08
 1.30662e-08
 1.30589e-08
 1.30476e-08
 1.30409e-08
   1.304e-08
 1.30325e-08
 1.30214e-08
 1.30173e-08
 1.30071e-08
 1.29964e-08
 1.29919e-08
  1.2981e-08
 1.29718e-08
 1.29652e-08
 1.29557e-08
 1.29467e-08
 1.29436e-08
  1.2817e-08
 1.28076e-08
 1.28005e-08
 1.27995e-08
 1.27932e-08
 1.27826e-08
 1.27752e-08
 1.27741e-08
 1.27678e-08
 1.27566e-08
 1.27508e-08
 1.27496e-08
 1.27421e-08
 1.27315e-08
 1.27247e-08
 1.27245e-08
 1.27177e-08
 1.27063e-08
 1.27004e-08
 1.26995e-08
 1.26918e-08
 1.26812e-08
 1.26752e-08
 1.26669e-08
 1.26568e-08
 1.26502e-08
 1.26415e-08
 1.26313e-08
 1.26253e-08
 1.26158e-08
 1.26062e-08
 1.26006e-08
  1.2592e-08
 1.25819e-08
 1.25754e-08
 1.25655e-08
  1.2558e-08
 1.25572e-08
 1.25512e-08
 1.25406e-08
 1.25323e-08
 1.25272e-08
 1.25228e-08
 1.31728e-08
 1.31676e-08
  1.3161e-08
 1.31505e-08
 1.30089e-08
  1.3003e-08
 1.29972e-08
 1.29874e-08
 1.29777e-08
 1.29706e-08
 1.29615e-08
 1.29515e-08
 1.29458e-08
 1.29361e-08
 1.29267e-08
 1.29204e-08
 1.29101e-08
 1.29011e-08
 1.28942e-08
 1.28841e-08
 1.28764e-08
 1.28755e-08
 1.28692e-08
 1.28587e-08
 1.28492e-08
 1.28443e-08
 1.28329e-08
 1.28258e-08
 1.28247e-08
 1.28189e-08
 1.25241e-08
  1.2516e-08
 1.25083e-08
 1.25019e-08
 1.24913e-08
 1.24828e-08
 1.24765e-08
 1.24665e-08
 1.24592e-08
 1.24589e-08
 1.24524e-08
 1.24402e-08
 1.24346e-08
 1.24345e-08
 1.24289e-08
 1.31499e-08
 1.31494e-08
 1.31426e-08
  1.3131e-08
 1.31252e-08
 1.31231e-08
 1.31167e-08
 1.31048e-08
 1.30994e-08
 1.30976e-08
  1.3091e-08
 1.30798e-08
 1.30722e-08
 1.30656e-08
 1.30544e-08
 1.30468e-08
 1.30387e-08
 1.30274e-08
 1.30227e-08
 1.30145e-08
 1.29151e-08
 1.29073e-08
 1.29001e-08
  1.2889e-08
 1.28806e-08
 1.28748e-08
 1.28634e-08
 1.28548e-08
 1.28498e-08
 1.28379e-08
 1.28296e-08
 1.28239e-08
 1.28119e-08
 1.28052e-08
 1.28049e-08
 1.27981e-08
 1.27867e-08
 1.27799e-08
 1.27798e-08
 1.27729e-08
 1.27617e-08
 1.27547e-08
 1.27545e-08
 1.27476e-08
 1.27362e-08
 1.27295e-08
 1.27217e-08
 1.27108e-08
 1.27052e-08
 1.26969e-08
 1.26857e-08
   1.268e-08
  1.2672e-08
 1.26609e-08
 1.26549e-08
 1.26462e-08
  1.2636e-08
 1.26299e-08
 1.26213e-08
 1.26118e-08
 1.26045e-08
  1.2596e-08
 1.25868e-08
 1.25808e-08
 1.25706e-08
  1.2562e-08
 1.25563e-08
 1.25453e-08
 1.25372e-08
 1.25309e-08
 1.25206e-08
 1.25124e-08
  1.2507e-08
 1.24966e-08
 1.24887e-08
  1.2482e-08
 1.24705e-08
 1.24643e-08
 1.24642e-08
 1.24576e-08
 1.24465e-08
   1.244e-08
 1.24375e-08
 1.31679e-08
 1.31566e-08
 1.31507e-08
  1.3149e-08
 1.30436e-08
 1.30343e-08
  1.3028e-08
   1.302e-08
 1.30085e-08
 1.30015e-08
 1.29926e-08
 1.29825e-08
  1.2976e-08
 1.29661e-08
 1.29576e-08
  1.2951e-08
 1.29409e-08
 1.29319e-08
 1.29258e-08
 1.29202e-08
 1.28376e-08
 1.28354e-08
 1.28281e-08
  1.2817e-08
 1.28111e-08
 1.28016e-08
 1.27921e-08
 1.27854e-08
 1.27765e-08
 1.27655e-08
 1.27602e-08
 1.27508e-08
 1.27407e-08
 1.27355e-08
 1.27262e-08
 1.27158e-08
 1.27097e-08
 1.27005e-08
 1.26907e-08
 1.26847e-08
 1.26745e-08
 1.26661e-08
 1.26604e-08
 1.26496e-08
 1.26412e-08
 1.26353e-08
 1.26245e-08
 1.26173e-08
 1.26164e-08
 1.26105e-08
 1.25996e-08
 1.25926e-08
 1.25915e-08
  1.2585e-08
 1.25751e-08
 1.25679e-08
 1.25667e-08
 1.25615e-08
 1.25497e-08
  1.2544e-08
  1.2543e-08
  1.2536e-08
 1.25263e-08
 1.24334e-08
 1.30597e-08
 1.30541e-08
 1.30497e-08
 1.29547e-08
 1.29468e-08
 1.29374e-08
 1.29309e-08
 1.29204e-08
 1.29125e-08
 1.29125e-08
 1.29052e-08
 1.28946e-08
 1.28887e-08
 1.28866e-08
 1.28794e-08
 1.28684e-08
 1.28622e-08
 1.28611e-08
 1.28541e-08
 1.28424e-08
 1.28366e-08
 1.28322e-08
 1.27374e-08
 1.27302e-08
 1.27213e-08
 1.27144e-08
 1.27045e-08
  1.2697e-08
 1.26969e-08
 1.26902e-08
 1.26791e-08
 1.26721e-08
  1.2671e-08
 1.26651e-08
 1.26543e-08
 1.26461e-08
 1.26412e-08
 1.26359e-08
 1.25239e-08
 1.25194e-08
 1.25185e-08
  1.2512e-08
 1.25007e-08
 1.24939e-08
 1.24871e-08
 1.24762e-08
 1.24713e-08
 1.24628e-08
 1.24518e-08
 1.24455e-08
   1.244e-08
 1.28538e-08
 1.28477e-08
 1.28409e-08
 1.28407e-08
 1.28324e-08
 1.28214e-08
 1.28157e-08
 1.28068e-08
 1.27969e-08
 1.27919e-08
 1.27797e-08
 1.27707e-08
 1.27658e-08
 1.27552e-08
 1.27458e-08
 1.27404e-08
 1.27302e-08
 1.27213e-08
 1.27147e-08
 1.27036e-08
 1.26975e-08
 1.26935e-08
 1.26782e-08
 1.26712e-08
 1.26644e-08
 1.26534e-08
 1.26487e-08
 1.26469e-08
 1.26403e-08
 1.26285e-08
 1.26229e-08
 1.26217e-08
 1.26148e-08
 1.26043e-08
 1.25975e-08
 1.25972e-08
 1.25901e-08
 1.25792e-08
 1.25735e-08
 1.25728e-08
 1.25651e-08
 1.25551e-08
 1.25494e-08
 1.25413e-08
 1.25297e-08
 1.25256e-08
 1.25165e-08
 1.25059e-08
 1.24992e-08
 1.24922e-08
 1.24829e-08
 1.24836e-08
 1.24773e-08
 1.24727e-08
 1.27326e-08
 1.27258e-08
 1.27202e-08
 1.27108e-08
 1.27004e-08
 1.26944e-08
 1.26846e-08
 1.26759e-08
 1.26701e-08
 1.26597e-08
 1.26511e-08
 1.26452e-08
 1.26342e-08
  1.2626e-08
 1.26201e-08
 1.26087e-08
 1.26023e-08
 1.26014e-08
 1.25965e-08
 1.25845e-08
 1.25778e-08
 1.25776e-08
 1.25703e-08
 1.25607e-08
 1.25535e-08
 1.25532e-08
 1.25461e-08
 1.25391e-08
 1.24722e-08
 1.24658e-08
 1.24582e-08
 1.24528e-08
 1.24458e-08
 1.25401e-08
 1.25345e-08
 1.25298e-08
  1.2521e-08
 1.25115e-08
 1.25056e-08
 1.24969e-08
  1.2487e-08
 1.24812e-08
 1.24734e-08
 1.24629e-08
 1.24584e-08
   -8.68e-07
-8.67995e-07
-8.67989e-07
-8.68019e-07
-8.68013e-07
-8.68006e-07
-8.68037e-07
-8.68033e-07
-8.68024e-07
-8.68056e-07
-8.68053e-07
-8.68044e-07
-8.68068e-07
-8.68063e-07
 -8.6806e-07
-8.68096e-07
-8.68083e-07
 -8.6808e-07
-8.68127e-07
-8.68117e-07
-8.68114e-07
-8.68118e-07
-8.68132e-07
 -8.6813e-07
-8.68131e-07
-8.68143e-07
-8.68046e-07
-8.68041e-07
-8.68064e-07
-8.68058e-07
-8.68051e-07
-8.68081e-07
-8.68076e-07
-8.68069e-07
  -8.681e-07
-8.68093e-07
-8.68086e-07
-8.68116e-07
-8.68114e-07
-8.68104e-07
-8.68132e-07
-8.68127e-07
-8.68121e-07
 -8.6812e-07
-8.68148e-07
-8.68142e-07
-8.68135e-07
-8.68153e-07
-8.68156e-07
 -8.6816e-07
-8.68154e-07
-8.68171e-07
-8.68165e-07
 -8.6816e-07
-8.68162e-07
-8.68187e-07
-8.68184e-07
-8.68176e-07
-8.68203e-07
-8.68201e-07
-8.68193e-07
-8.68191e-07
-8.68217e-07
-8.68217e-07
-8.68209e-07
-8.68273e-07
-8.68164e-07
-8.68162e-07
 -8.6817e-07
-8.68178e-07
 -8.6817e-07
-8.68177e-07
-8.68184e-07
-8.68184e-07
-8.68198e-07
-8.68204e-07
  -8.682e-07
-8.68215e-07
 -8.6822e-07
-8.68222e-07
-8.68249e-07
 -8.6824e-07
-8.68237e-07
-8.68267e-07
 -8.6826e-07
-8.68254e-07
-8.68288e-07
-8.68279e-07
-8.68273e-07
  -8.683e-07
-8.68293e-07
-8.68316e-07
-8.68117e-07
-8.68111e-07
-8.68107e-07
-8.68133e-07
-8.68126e-07
-8.68122e-07
-8.68149e-07
-8.68144e-07
-8.68137e-07
-8.68159e-07
-8.68153e-07
-8.68163e-07
-8.68162e-07
-8.68157e-07
-8.68174e-07
-8.68168e-07
-8.68167e-07
-8.68189e-07
-8.68183e-07
 -8.6818e-07
-8.68202e-07
-8.68197e-07
-8.68193e-07
-8.68217e-07
-8.68211e-07
-8.68207e-07
-8.68232e-07
-8.68226e-07
-8.68222e-07
-8.68248e-07
-8.68244e-07
-8.68237e-07
-8.68265e-07
 -8.6826e-07
-8.68255e-07
-8.68283e-07
-8.68274e-07
-8.68265e-07
-8.68299e-07
-8.68296e-07
-8.68289e-07
-8.68314e-07
-8.68313e-07
-8.68305e-07
-8.68334e-07
-8.68332e-07
-8.68323e-07
-8.68324e-07
-8.68355e-07
-8.68346e-07
 -8.6834e-07
-8.68368e-07
-8.68361e-07
-8.68397e-07
 -8.6826e-07
-8.68255e-07
-8.68251e-07
-8.68271e-07
-8.68269e-07
-8.68264e-07
 -8.6828e-07
-8.68281e-07
-8.68276e-07
-8.68276e-07
-8.68296e-07
 -8.6829e-07
-8.68286e-07
-8.68313e-07
-8.68305e-07
-8.68301e-07
-8.68308e-07
-8.68327e-07
-8.68322e-07
-8.68319e-07
-8.68346e-07
-8.68333e-07
-8.68328e-07
 -8.6836e-07
-8.68357e-07
-8.68351e-07
-8.68376e-07
-8.68372e-07
-8.68365e-07
-8.68397e-07
-8.68391e-07
-8.68382e-07
-8.68418e-07
-8.68414e-07
-8.68404e-07
-8.68427e-07
-8.68228e-07
-8.68234e-07
-8.68232e-07
-8.68228e-07
-8.68246e-07
-8.68244e-07
 -8.6824e-07
-8.68251e-07
-8.68364e-07
-8.68361e-07
-8.68355e-07
-8.68375e-07
-8.68369e-07
-8.68368e-07
-8.68375e-07
-8.68388e-07
-8.68384e-07
 -8.6838e-07
-8.68406e-07
-8.68398e-07
-8.68391e-07
-8.68424e-07
-8.68415e-07
 -8.6841e-07
-8.68441e-07
-8.68435e-07
 -8.6843e-07
 -8.6846e-07
-8.68451e-07
-8.68447e-07
 -8.6848e-07
-8.68475e-07
-8.68465e-07
-8.68488e-07
-8.68298e-07
-8.68308e-07
-8.68305e-07
-8.68303e-07
-8.68318e-07
-8.68313e-07
-8.68312e-07
-8.68327e-07
-8.68326e-07
-8.68322e-07
-8.68339e-07
-8.68336e-07
-8.68332e-07
-8.68349e-07
-8.68347e-07
-8.68343e-07
-8.68353e-07
 -8.6849e-07
 -8.6848e-07
-8.68507e-07
  -8.685e-07
-8.68496e-07
-8.68529e-07
 -8.6852e-07
-8.68514e-07
-8.68533e-07
-8.68533e-07
-8.68393e-07
 -8.6839e-07
-8.68401e-07
-8.68398e-07
-8.68398e-07
-8.68411e-07
-8.68409e-07
-8.68405e-07
 -8.6842e-07
-8.68418e-07
-8.68415e-07
-8.68435e-07
-8.68431e-07
-8.68425e-07
-8.68445e-07
-8.68443e-07
-8.68438e-07
-8.68449e-07
-8.68457e-07
-8.68452e-07
-8.68476e-07
-8.68465e-07
-8.68494e-07
-8.68485e-07
-8.68483e-07
-8.68534e-07
-8.68532e-07
 -8.6855e-07
-8.68545e-07
-8.68537e-07
-8.68567e-07
 -8.6824e-07
-8.68236e-07
-8.68358e-07
-8.68365e-07
-8.68365e-07
-8.68363e-07
-8.68371e-07
-8.68372e-07
-8.68369e-07
-8.68379e-07
-8.68376e-07
-8.68376e-07
-8.68385e-07
-8.68383e-07
-8.68384e-07
 -8.6839e-07
-8.68387e-07
-8.68477e-07
-8.68475e-07
-8.68489e-07
-8.68486e-07
-8.68485e-07
  -8.685e-07
-8.68495e-07
-8.68492e-07
 -8.6851e-07
-8.68509e-07
-8.68504e-07
-8.68516e-07
-8.68521e-07
-8.68518e-07
 -8.6854e-07
-8.68539e-07
-8.68532e-07
-8.68558e-07
-8.68555e-07
-8.68547e-07
-8.68573e-07
-8.68573e-07
-8.68565e-07
-8.68563e-07
-8.68594e-07
-8.68585e-07
 -8.6858e-07
-8.68617e-07
-8.68607e-07
-8.68601e-07
-8.68631e-07
-8.68229e-07
-8.68216e-07
-8.68234e-07
-8.68232e-07
-8.68237e-07
-8.68236e-07
-8.68352e-07
-8.68349e-07
-8.68355e-07
-8.68352e-07
-8.68353e-07
-8.68358e-07
-8.68358e-07
-8.68356e-07
-8.68359e-07
 -8.6836e-07
-8.68359e-07
-8.68363e-07
-8.68454e-07
-8.68453e-07
-8.68452e-07
-8.68458e-07
-8.68459e-07
-8.68456e-07
 -8.6846e-07
-8.68464e-07
-8.68462e-07
-8.68463e-07
-8.68471e-07
-8.68469e-07
-8.68467e-07
-8.68475e-07
-8.68474e-07
-8.68562e-07
-8.68559e-07
-8.68574e-07
-8.68569e-07
-8.68566e-07
 -8.6858e-07
-8.68579e-07
-8.68578e-07
-8.68601e-07
-8.68597e-07
 -8.6859e-07
-8.68616e-07
-8.68612e-07
-8.68606e-07
-8.68636e-07
-8.68629e-07
-8.68622e-07
-8.68656e-07
 -8.6865e-07
-8.68642e-07
-8.68677e-07
-8.68664e-07
-8.68708e-07
-8.68343e-07
-8.68343e-07
-8.68342e-07
-8.68345e-07
-8.68344e-07
-8.68347e-07
-8.68347e-07
-8.68347e-07
-8.68346e-07
 -8.6835e-07
-8.68349e-07
-8.68441e-07
-8.68442e-07
-8.68442e-07
-8.68444e-07
-8.68446e-07
-8.68445e-07
-8.68443e-07
-8.68448e-07
-8.68448e-07
-8.68448e-07
-8.68453e-07
-8.68528e-07
-8.68535e-07
-8.68533e-07
-8.68531e-07
-8.68539e-07
-8.68538e-07
-8.68537e-07
-8.68545e-07
-8.68545e-07
-8.68542e-07
 -8.6855e-07
-8.68547e-07
-8.68549e-07
-8.68558e-07
-8.68554e-07
-8.68336e-07
-8.68326e-07
 -8.6834e-07
 -8.6834e-07
-8.68339e-07
-8.68342e-07
-8.68435e-07
 -8.6844e-07
-8.68435e-07
 -8.6844e-07
 -8.6844e-07
 -8.6844e-07
 -8.6844e-07
-8.68441e-07
-8.68441e-07
-8.68442e-07
-8.68443e-07
-8.68523e-07
-8.68525e-07
-8.68524e-07
-8.68524e-07
-8.68527e-07
-8.68526e-07
-8.68527e-07
-8.68529e-07
-8.68529e-07
-8.68528e-07
-8.68533e-07
-8.68439e-07
-8.68442e-07
-8.68445e-07
-8.68439e-07
 -8.6844e-07
 -8.6844e-07
 -8.6844e-07
 -8.6844e-07
-8.68523e-07
-8.68524e-07
-8.68524e-07
-8.68524e-07
-8.68523e-07
-8.68524e-07
-8.68523e-07
-8.68523e-07
-8.68522e-07
-8.68441e-07
-8.68458e-07
-8.68451e-07
-8.68524e-07
-8.68531e-07
-8.68525e-07
-8.68526e-07
-8.68525e-07
-8.68527e-07
 1.14147e-07
 1.14181e-07
 1.14209e-07
 1.14221e-07
 1.14167e-07
 1.14195e-07
 1.14205e-07
 1.14164e-07
 1.14119e-07
 1.14147e-07
 1.14164e-07
 1.14087e-07
 1.14097e-07
 1.14119e-07
 1.14039e-07
 1.14058e-07
 1.14081e-07
 1.13983e-07
 1.13993e-07
 1.14031e-07
 1.13918e-07
 1.13989e-07
 1.14015e-07
 1.13941e-07
 1.13909e-07
 1.13964e-07
 1.13986e-07
    1.14e-07
 1.13925e-07
 1.13941e-07
 1.13958e-07
  1.1383e-07
 1.13888e-07
 1.14133e-07
 1.14125e-07
 1.14144e-07
 1.14166e-07
  1.1409e-07
 1.14099e-07
 1.14122e-07
 1.14036e-07
 1.14057e-07
 1.14076e-07
  1.1399e-07
  1.1401e-07
 1.14033e-07
 1.14055e-07
 1.13968e-07
 1.13992e-07
 1.14007e-07
 1.13922e-07
  1.1395e-07
 1.13971e-07
 1.13844e-07
 1.13888e-07
 1.13917e-07
 1.13842e-07
 1.13843e-07
  1.1384e-07
 1.13794e-07
 1.13814e-07
 1.13834e-07
 1.13747e-07
 1.13777e-07
 1.13789e-07
 1.13735e-07
 1.13667e-07
 1.13665e-07
 1.13582e-07
 1.13669e-07
 1.13466e-07
 1.13402e-07
 1.14086e-07
  1.1409e-07
 1.14047e-07
 1.14062e-07
 1.14083e-07
  1.1401e-07
 1.14027e-07
 1.14043e-07
 1.13961e-07
 1.13983e-07
 1.14005e-07
 1.13928e-07
 1.13941e-07
 1.13953e-07
 1.13878e-07
 1.13898e-07
  1.1392e-07
 1.13842e-07
  1.1385e-07
 1.13872e-07
 1.13793e-07
 1.13812e-07
 1.13836e-07
 1.13765e-07
 1.13786e-07
 1.13806e-07
 1.13728e-07
 1.13747e-07
 1.13759e-07
 1.13685e-07
 1.13705e-07
 1.13724e-07
 1.13654e-07
 1.13669e-07
  1.1368e-07
 1.13603e-07
 1.13624e-07
 1.13647e-07
   1.136e-07
 1.13275e-07
  1.1326e-07
  1.1334e-07
 1.13318e-07
 1.13354e-07
 1.14395e-07
 1.14356e-07
 1.14369e-07
 1.14388e-07
 1.14309e-07
 1.14326e-07
 1.14342e-07
 1.14303e-07
 1.14263e-07
 1.14283e-07
 1.14295e-07
 1.14219e-07
 1.14239e-07
 1.14256e-07
 1.14177e-07
 1.14197e-07
 1.14215e-07
  1.1414e-07
 1.14149e-07
 1.14172e-07
  1.1409e-07
 1.14109e-07
 1.14128e-07
 1.14042e-07
 1.14065e-07
 1.14086e-07
 1.14106e-07
 1.14022e-07
 1.14042e-07
 1.14055e-07
 1.13981e-07
 1.14004e-07
 1.14015e-07
 1.13941e-07
 1.13962e-07
 1.13976e-07
   1.139e-07
 1.13915e-07
  1.1393e-07
 1.13856e-07
 1.13873e-07
 1.13893e-07
 1.13813e-07
 1.13833e-07
  1.1385e-07
 1.13769e-07
 1.13788e-07
 1.13808e-07
 1.13736e-07
 1.13751e-07
 1.13765e-07
  1.1369e-07
 1.13709e-07
 1.13731e-07
 1.13657e-07
  1.1367e-07
 1.13688e-07
 1.13607e-07
 1.13628e-07
 1.13649e-07
 1.13669e-07
 1.13586e-07
 1.13602e-07
  1.1362e-07
 1.13474e-07
 1.13539e-07
 1.13565e-07
 1.13576e-07
 1.13499e-07
  1.1353e-07
 1.13227e-07
 1.13291e-07
 1.13205e-07
 1.13282e-07
 1.13334e-07
 1.14193e-07
 1.14211e-07
 1.14226e-07
 1.14147e-07
 1.14169e-07
 1.14188e-07
 1.14111e-07
 1.14127e-07
 1.14142e-07
 1.14067e-07
 1.14086e-07
 1.14101e-07
 1.14023e-07
  1.1404e-07
 1.14059e-07
 1.13984e-07
 1.14001e-07
 1.14019e-07
 1.13948e-07
 1.13957e-07
 1.13978e-07
 1.13904e-07
 1.13924e-07
 1.13941e-07
 1.13877e-07
 1.13899e-07
 1.13917e-07
 1.13836e-07
 1.13852e-07
 1.13868e-07
 1.13789e-07
 1.13815e-07
 1.13824e-07
 1.13749e-07
 1.13774e-07
 1.13787e-07
 1.13712e-07
 1.13731e-07
 1.13746e-07
 1.13671e-07
 1.13682e-07
 1.13703e-07
 1.13632e-07
 1.13651e-07
 1.13667e-07
 1.13595e-07
 1.13609e-07
 1.13625e-07
  1.1354e-07
 1.13556e-07
 1.13584e-07
 1.13513e-07
 1.13524e-07
  1.1354e-07
 1.13474e-07
 1.13502e-07
 1.13119e-07
 1.13176e-07
 1.13132e-07
 1.13198e-07
 1.13257e-07
 1.13204e-07
 1.14325e-07
  1.1428e-07
 1.14302e-07
 1.14312e-07
 1.14233e-07
 1.14254e-07
 1.14274e-07
 1.14214e-07
 1.14228e-07
 1.14039e-07
 1.14079e-07
 1.14106e-07
 1.14006e-07
 1.14028e-07
 1.14046e-07
 1.13939e-07
 1.13991e-07
 1.13999e-07
 1.13933e-07
 1.13978e-07
 1.14024e-07
 1.13849e-07
 1.13901e-07
 1.13929e-07
  1.1395e-07
 1.13849e-07
  1.1388e-07
 1.13926e-07
 1.13808e-07
 1.13835e-07
 1.13896e-07
 1.13758e-07
   1.138e-07
 1.13859e-07
 1.13794e-07
 1.13782e-07
  1.1379e-07
 1.13746e-07
 1.13766e-07
 1.13789e-07
 1.13712e-07
 1.13728e-07
 1.13747e-07
 1.13662e-07
 1.13684e-07
 1.13707e-07
 1.13727e-07
 1.13647e-07
 1.13664e-07
 1.13677e-07
 1.13604e-07
 1.13626e-07
 1.13644e-07
  1.1357e-07
 1.13586e-07
   1.136e-07
 1.13523e-07
 1.13532e-07
 1.13561e-07
 1.13486e-07
 1.13502e-07
 1.13519e-07
 1.13441e-07
 1.13462e-07
 1.13478e-07
 1.13412e-07
 1.13433e-07
 1.13062e-07
   1.131e-07
 1.13118e-07
 1.13089e-07
 1.13085e-07
 1.13148e-07
 1.13196e-07
  1.1296e-07
 1.14159e-07
 1.14192e-07
 1.14148e-07
 1.14156e-07
 1.14167e-07
 1.14096e-07
 1.14119e-07
 1.14129e-07
 1.14071e-07
 1.13089e-07
 1.13036e-07
 1.13025e-07
 1.13148e-07
 1.13114e-07
 1.13014e-07
 1.13016e-07
 1.13506e-07
 1.13534e-07
 1.13545e-07
 1.13451e-07
 1.13499e-07
 1.13526e-07
 1.13412e-07
 1.13458e-07
 1.13481e-07
 1.13373e-07
 1.13416e-07
  1.1345e-07
 1.13489e-07
 1.13322e-07
 1.13368e-07
 1.13405e-07
 1.13427e-07
 1.13289e-07
 1.13332e-07
 1.13351e-07
 1.13397e-07
 1.13297e-07
 1.13316e-07
 1.13363e-07
 1.13237e-07
 1.13274e-07
 1.13311e-07
 1.13197e-07
 1.13226e-07
 1.13259e-07
 1.13151e-07
 1.13197e-07
 1.13228e-07
 1.13072e-07
 1.13186e-07
 1.24089e-08
 1.24149e-08
 1.24241e-08
 1.24298e-08
 1.24382e-08
 1.24485e-08
 1.24544e-08
 1.24636e-08
 1.24716e-08
 1.24781e-08
 1.24892e-08
  1.2496e-08
 1.24961e-08
  1.2504e-08
 1.25134e-08
   1.252e-08
   1.253e-08
 1.25371e-08
 1.25371e-08
 1.25442e-08
  1.2555e-08
 1.25616e-08
 1.25698e-08
 1.25787e-08
 1.25845e-08
 1.25916e-08
 1.27243e-08
 1.27338e-08
 1.27402e-08
 1.27484e-08
 1.27556e-08
 1.24219e-08
 1.24312e-08
 1.24371e-08
  1.2447e-08
 1.24542e-08
 1.24614e-08
 1.24713e-08
 1.24785e-08
 1.24785e-08
 1.24855e-08
 1.24963e-08
 1.25019e-08
   1.251e-08
 1.25196e-08
 1.25264e-08
 1.25355e-08
 1.25442e-08
 1.25498e-08
 1.25602e-08
 1.25675e-08
 1.25676e-08
 1.25747e-08
 1.25847e-08
 1.25911e-08
 1.25969e-08
 1.27329e-08
 1.27386e-08
 1.27451e-08
  1.2746e-08
 1.27535e-08
  1.2763e-08
 1.27703e-08
 1.27786e-08
 1.27876e-08
 1.27933e-08
 1.28031e-08
 1.28106e-08
 1.28195e-08
 1.28278e-08
 1.28343e-08
 1.28451e-08
 1.28521e-08
 1.28522e-08
 1.28593e-08
   1.287e-08
 1.28766e-08
  1.2883e-08
 1.28942e-08
    1.29e-08
 1.29095e-08
 1.29172e-08
 1.29237e-08
 1.29344e-08
 1.29416e-08
 1.29417e-08
 1.29489e-08
 1.29593e-08
 1.24293e-08
 1.24378e-08
 1.24434e-08
 1.24542e-08
  1.2462e-08
 1.24679e-08
 1.24787e-08
 1.24844e-08
 1.24925e-08
 1.25028e-08
 1.25086e-08
 1.25172e-08
 1.25263e-08
 1.25327e-08
 1.25428e-08
 1.25499e-08
 1.25499e-08
 1.25564e-08
 1.25673e-08
  1.2573e-08
 1.25808e-08
 1.25915e-08
 1.25974e-08
 1.26029e-08
  1.2723e-08
 1.27276e-08
 1.27278e-08
 1.27348e-08
 1.27455e-08
 1.27512e-08
   1.276e-08
 1.27697e-08
 1.27755e-08
  1.2785e-08
 1.27937e-08
 1.27994e-08
 1.28105e-08
 1.28163e-08
 1.28171e-08
 1.28246e-08
 1.28343e-08
 1.28408e-08
 1.28497e-08
 1.28588e-08
 1.28647e-08
 1.28746e-08
 1.28824e-08
 1.28833e-08
 1.28897e-08
 1.29004e-08
 1.29059e-08
 1.29143e-08
  1.2924e-08
 1.29307e-08
 1.29393e-08
 1.29486e-08
 1.29545e-08
 1.29654e-08
 1.29721e-08
 1.29734e-08
 1.29788e-08
 1.27275e-08
 1.27326e-08
 1.27345e-08
  1.2741e-08
 1.27512e-08
 1.27571e-08
 1.27659e-08
 1.27749e-08
 1.27816e-08
 1.27916e-08
 1.27987e-08
 1.28059e-08
 1.28163e-08
 1.28232e-08
 1.28232e-08
 1.28296e-08
 1.28412e-08
 1.28477e-08
 1.28552e-08
 1.28649e-08
  1.2869e-08
 1.28763e-08
 1.24358e-08
 1.24437e-08
 1.24508e-08
 1.24609e-08
 1.24679e-08
 1.24692e-08
 1.24746e-08
 1.24846e-08
 1.24912e-08
 1.24993e-08
 1.25099e-08
 1.25155e-08
 1.25232e-08
 1.25332e-08
 1.25395e-08
  1.2548e-08
 1.25562e-08
 1.25569e-08
 1.25631e-08
 1.25733e-08
 1.25803e-08
 1.25874e-08
 1.25967e-08
 1.26033e-08
 1.26076e-08
 1.28734e-08
 1.28783e-08
 1.28911e-08
 1.28971e-08
 1.29062e-08
 1.29128e-08
 1.29211e-08
 1.29313e-08
 1.29379e-08
 1.29472e-08
 1.29598e-08
 1.29706e-08
 1.25248e-08
 1.25317e-08
 1.25386e-08
 1.25403e-08
 1.25461e-08
 1.25565e-08
 1.25619e-08
 1.25701e-08
 1.25801e-08
 1.25863e-08
 1.25951e-08
 1.26028e-08
 1.26093e-08
 1.26193e-08
  1.2627e-08
 1.26266e-08
  1.2633e-08
 1.26446e-08
 1.26501e-08
 1.26508e-08
 1.26588e-08
 1.26684e-08
 1.26743e-08
 1.26835e-08
 1.26929e-08
 1.26982e-08
 1.27084e-08
 1.27146e-08
  1.2723e-08
 1.27332e-08
 1.27389e-08
 1.27479e-08
 1.27574e-08
 1.27624e-08
 1.27738e-08
 1.27813e-08
 1.27878e-08
 1.27978e-08
  1.2804e-08
 1.28056e-08
 1.28109e-08
 1.28229e-08
 1.28285e-08
 1.28373e-08
  1.2847e-08
 1.28525e-08
 1.28628e-08
 1.28704e-08
 1.28759e-08
 1.28859e-08
 1.29037e-08
 1.29122e-08
 1.29171e-08
 1.29284e-08
 1.29385e-08
 1.29435e-08
 1.29542e-08
 1.29605e-08
 1.29668e-08
 1.29779e-08
 1.24379e-08
 1.24446e-08
 1.24512e-08
 1.24515e-08
 1.24583e-08
 1.24685e-08
 1.24743e-08
 1.24822e-08
 1.24909e-08
 1.24983e-08
 1.25074e-08
 1.25157e-08
 1.25207e-08
 1.25249e-08
  1.2707e-08
 1.27151e-08
 1.27209e-08
 1.27308e-08
 1.27379e-08
 1.27451e-08
 1.27553e-08
 1.27623e-08
 1.27624e-08
 1.27689e-08
 1.27798e-08
 1.27857e-08
 1.27939e-08
 1.28044e-08
 1.28097e-08
 1.28175e-08
 1.24929e-08
 1.24989e-08
 1.25047e-08
 1.25156e-08
 1.25217e-08
 1.25218e-08
  1.2529e-08
 1.25385e-08
 1.25455e-08
  1.2553e-08
 1.25622e-08
  1.2568e-08
 1.25781e-08
 1.25863e-08
 1.25915e-08
 1.26027e-08
 1.26091e-08
 1.26165e-08
 1.26261e-08
 1.26325e-08
 1.26411e-08
 1.26501e-08
 1.26557e-08
 1.26664e-08
 1.26743e-08
 1.26799e-08
 1.26909e-08
 1.26973e-08
 1.27044e-08
  1.2808e-08
 1.28113e-08
 1.28198e-08
 1.28275e-08
  1.2834e-08
 1.28447e-08
  1.2852e-08
 1.28521e-08
 1.28593e-08
 1.28701e-08
 1.28767e-08
 1.28852e-08
  1.2894e-08
 1.28999e-08
 1.29104e-08
  1.2918e-08
 1.29189e-08
 1.29248e-08
 1.29363e-08
 1.29417e-08
 1.29427e-08
 1.29496e-08
 1.29607e-08
 1.29667e-08
 1.29764e-08
 1.29859e-08
 1.29909e-08
 1.30015e-08
 1.30099e-08
 1.30154e-08
 1.30272e-08
 1.24454e-08
 1.24516e-08
 1.24577e-08
 1.24653e-08
 1.24751e-08
 1.24815e-08
 1.24873e-08
 1.26035e-08
 1.26104e-08
 1.26155e-08
 1.26161e-08
 1.26224e-08
 1.26326e-08
 1.26386e-08
 1.26475e-08
 1.26555e-08
 1.26626e-08
 1.26716e-08
 1.26796e-08
 1.26805e-08
 1.26861e-08
 1.26966e-08
 1.27029e-08
 1.27036e-08
 1.27106e-08
 1.27212e-08
 1.27265e-08
 1.27368e-08
 1.27449e-08
 1.27506e-08
 1.27604e-08
 1.27683e-08
 1.27693e-08
 1.27749e-08
 1.27854e-08
 1.27927e-08
 1.27926e-08
 1.28007e-08
 1.28105e-08
 1.28151e-08
 1.28247e-08
 1.28342e-08
 1.28405e-08
 1.28497e-08
 1.28582e-08
  1.2866e-08
 1.28758e-08
 1.28818e-08
 1.28829e-08
  1.2889e-08
 1.29007e-08
 1.29061e-08
 1.29163e-08
 1.29241e-08
 1.29241e-08
 1.29314e-08
 1.24767e-08
  1.2482e-08
 1.24878e-08
 1.24973e-08
  1.2505e-08
 1.25056e-08
 1.25121e-08
 1.25218e-08
 1.25276e-08
 1.25286e-08
 1.25351e-08
 1.25456e-08
 1.25514e-08
 1.25599e-08
 1.25692e-08
 1.25748e-08
 1.25847e-08
 1.25917e-08
 1.25923e-08
 1.25986e-08
 1.26058e-08
 1.29343e-08
 1.29416e-08
 1.29486e-08
 1.29501e-08
 1.29568e-08
 1.29668e-08
 1.29723e-08
 1.29739e-08
 1.29816e-08
 1.29905e-08
 1.24513e-08
 1.24588e-08
 1.24651e-08
 1.24719e-08
  1.2573e-08
 1.25752e-08
  1.2575e-08
 1.25811e-08
 1.25876e-08
  1.2606e-08
 1.26204e-08
 1.26222e-08
 1.26302e-08
 1.26393e-08
 1.26454e-08
 1.26546e-08
 1.26621e-08
 1.26688e-08
 1.26783e-08
 1.26858e-08
 1.26934e-08
 1.27012e-08
 1.27083e-08
 1.27189e-08
 1.27278e-08
 1.27332e-08
 1.27417e-08
 1.27502e-08
 1.27502e-08
 1.27567e-08
 1.27675e-08
 1.27743e-08
 1.28097e-08
 1.28154e-08
 1.28624e-08
  1.2871e-08
 1.29237e-08
 1.29286e-08
 1.29299e-08
 1.24742e-08
 1.24812e-08
 1.24886e-08
 1.24953e-08
 1.25048e-08
 1.25129e-08
 1.25193e-08
 1.25277e-08
  1.2535e-08
 1.25425e-08
 1.25524e-08
 1.25578e-08
 1.25654e-08
  1.2573e-08
 1.26681e-08
 1.26759e-08
 1.26857e-08
 1.26916e-08
 1.27005e-08
 1.27083e-08
 1.27144e-08
 1.27243e-08
 1.27322e-08
 1.27323e-08
 1.27391e-08
 1.27501e-08
 1.27557e-08
 1.27637e-08
 1.27741e-08
 1.27794e-08
 1.27893e-08
 1.27979e-08
 1.28041e-08
 1.28145e-08
 1.28215e-08
 1.28225e-08
 1.28286e-08
 1.28396e-08
 1.28457e-08
 1.28538e-08
 1.28641e-08
 1.28702e-08
   1.288e-08
 1.28875e-08
 1.28937e-08
 1.24595e-08
 1.24656e-08
 1.24705e-08
 1.24732e-08
 1.25532e-08
 1.25581e-08
 1.25583e-08
 1.25657e-08
 1.25747e-08
 1.25807e-08
 1.25888e-08
 1.25981e-08
 1.26045e-08
 1.26129e-08
 1.26217e-08
 1.26273e-08
 1.26382e-08
 1.26445e-08
 1.26454e-08
 1.26517e-08
  1.2662e-08
 1.26673e-08
 1.26718e-08
 1.28886e-08
 1.28952e-08
 1.29052e-08
 1.29123e-08
 1.29135e-08
 1.29206e-08
 1.29297e-08
 1.29366e-08
 1.29454e-08
 1.29552e-08
 1.29607e-08
 1.29721e-08
 1.29792e-08
 1.29805e-08
 1.29864e-08
 1.29972e-08
 1.25158e-08
 1.25187e-08
 1.25288e-08
 1.25366e-08
  1.2541e-08
 1.25485e-08
 -8.6699e-07
-8.66995e-07
-8.66966e-07
-8.66974e-07
-8.66981e-07
-8.66939e-07
-8.66947e-07
-8.66956e-07
-8.66937e-07
-8.66935e-07
 -8.6715e-07
-8.67155e-07
-8.67161e-07
-8.67132e-07
-8.67139e-07
-8.67146e-07
 -8.6711e-07
-8.67117e-07
-8.67124e-07
-8.67088e-07
-8.67094e-07
-8.67104e-07
-8.67072e-07
-8.67081e-07
-8.67028e-07
-8.67038e-07
-8.67054e-07
-8.67009e-07
-8.67019e-07
-8.66995e-07
-8.67001e-07
-8.67282e-07
-8.67258e-07
-8.67266e-07
-8.67274e-07
-8.67238e-07
-8.67243e-07
-8.67252e-07
-8.67222e-07
-8.67232e-07
-8.67197e-07
 -8.6721e-07
-8.67216e-07
-8.67175e-07
-8.67174e-07
-8.67177e-07
-8.67146e-07
-8.67138e-07
-8.67141e-07
-8.67133e-07
-8.67118e-07
-8.67127e-07
-8.67135e-07
-8.67094e-07
-8.67101e-07
-8.67111e-07
-8.67078e-07
-8.67088e-07
-8.67055e-07
-8.67065e-07
 -8.6707e-07
-8.67031e-07
-8.67039e-07
-8.67048e-07
-8.67026e-07
 -8.6737e-07
-8.67346e-07
-8.67355e-07
-8.67361e-07
-8.67326e-07
-8.67333e-07
 -8.6734e-07
-8.67306e-07
-8.67312e-07
-8.67319e-07
 -8.6729e-07
  -8.673e-07
-8.67268e-07
-8.67277e-07
-8.67284e-07
-8.67248e-07
-8.67254e-07
-8.67253e-07
-8.67232e-07
-8.67242e-07
 -8.6721e-07
 -8.6722e-07
-8.67226e-07
-8.67188e-07
-8.67195e-07
-8.67203e-07
-8.67169e-07
-8.67175e-07
-8.67182e-07
-8.67153e-07
-8.67161e-07
-8.67167e-07
-8.67132e-07
-8.67141e-07
-8.67148e-07
 -8.6712e-07
-8.67127e-07
-8.67449e-07
-8.67458e-07
-8.67435e-07
-8.67443e-07
-8.67414e-07
-8.67422e-07
-8.67429e-07
-8.67394e-07
-8.67402e-07
-8.67407e-07
 -8.6738e-07
-8.67388e-07
-8.67359e-07
-8.67368e-07
-8.67373e-07
-8.67341e-07
-8.67348e-07
-8.67344e-07
 -8.6732e-07
-8.67327e-07
-8.67334e-07
-8.67305e-07
-8.67314e-07
-8.67316e-07
-8.67286e-07
-8.67293e-07
-8.67299e-07
-8.67267e-07
-8.67274e-07
 -8.6728e-07
-8.67253e-07
-8.67262e-07
-8.67234e-07
-8.67242e-07
-8.67248e-07
-8.67217e-07
-8.67223e-07
-8.67229e-07
-8.67204e-07
-8.67212e-07
 -8.6754e-07
-8.67549e-07
 -8.6752e-07
-8.67522e-07
-8.67532e-07
-8.67504e-07
-8.67511e-07
-8.67516e-07
-8.67485e-07
-8.67491e-07
-8.67496e-07
-8.67465e-07
-8.67471e-07
 -8.6748e-07
-8.67448e-07
-8.67459e-07
-8.67433e-07
-8.67441e-07
-8.67437e-07
-8.67414e-07
-8.67421e-07
-8.67428e-07
  -8.674e-07
-8.67409e-07
-8.67384e-07
-8.67389e-07
-8.67395e-07
-8.67367e-07
-8.67374e-07
-8.67377e-07
 -8.6735e-07
-8.67355e-07
-8.67362e-07
-8.67339e-07
-8.67345e-07
-8.67323e-07
-8.67329e-07
-8.67333e-07
-8.67308e-07
-8.67311e-07
-8.67318e-07
-8.67303e-07
-8.67628e-07
 -8.6764e-07
-8.67611e-07
-8.67615e-07
-8.67622e-07
-8.67594e-07
-8.67603e-07
-8.67576e-07
-8.67584e-07
-8.67587e-07
 -8.6756e-07
-8.67564e-07
 -8.6757e-07
-8.67542e-07
-8.67539e-07
-8.67552e-07
-8.67528e-07
-8.67535e-07
-8.67537e-07
 -8.6751e-07
-8.67516e-07
-8.67524e-07
-8.67503e-07
-8.67511e-07
-8.67492e-07
-8.67497e-07
-8.67506e-07
-8.67482e-07
-8.67488e-07
-8.67468e-07
-8.67473e-07
-8.67475e-07
-8.67454e-07
-8.67457e-07
-8.67463e-07
-8.67439e-07
-8.67443e-07
-8.67448e-07
-8.67428e-07
-8.67435e-07
-8.67434e-07
-8.67416e-07
-8.67421e-07
-8.67424e-07
-8.67414e-07
 -8.6741e-07
-8.67757e-07
-8.67717e-07
-8.67726e-07
-8.67695e-07
-8.67704e-07
-8.67711e-07
 -8.6768e-07
-8.67681e-07
-8.67689e-07
-8.67664e-07
-8.67673e-07
-8.67676e-07
-8.67647e-07
-8.67652e-07
-8.67658e-07
-8.67631e-07
-8.67628e-07
-8.67643e-07
-8.67619e-07
-8.67625e-07
-8.67603e-07
-8.67608e-07
-8.67612e-07
-8.67587e-07
-8.67592e-07
-8.67598e-07
-8.67577e-07
-8.67577e-07
-8.67583e-07
-8.67565e-07
-8.67569e-07
-8.67573e-07
-8.67557e-07
-8.67559e-07
-8.67842e-07
-8.67807e-07
-8.67817e-07
-8.67786e-07
-8.67794e-07
-8.67799e-07
-8.67768e-07
-8.67772e-07
-8.67781e-07
-8.67755e-07
-8.67762e-07
-8.67738e-07
-8.67746e-07
 -8.6775e-07
-8.67552e-07
-8.67556e-07
-8.67541e-07
-8.67544e-07
-8.67548e-07
-8.67534e-07
-8.67532e-07
-8.67538e-07
-8.67522e-07
-8.67526e-07
 -8.6753e-07
 -8.6751e-07
-8.67515e-07
-8.67517e-07
-8.67498e-07
-8.67502e-07
-8.67507e-07
 -8.6749e-07
-8.67494e-07
-8.67486e-07
-8.67488e-07
 -8.6774e-07
-8.67726e-07
-8.67722e-07
-8.67735e-07
-8.67711e-07
-8.67714e-07
-8.67719e-07
  -8.677e-07
-8.67706e-07
-8.67707e-07
-8.67685e-07
-8.67691e-07
-8.67693e-07
-8.67675e-07
-8.67678e-07
-8.67682e-07
-8.67667e-07
-8.67672e-07
-8.67657e-07
-8.67661e-07
-8.67663e-07
-8.67648e-07
-8.67651e-07
-8.67653e-07
-8.67644e-07
-8.67481e-07
-8.67486e-07
-8.67472e-07
-8.67474e-07
-8.67479e-07
-8.67463e-07
-8.67465e-07
-8.67468e-07
-8.67456e-07
-8.67459e-07
-8.67459e-07
-8.67446e-07
 -8.6745e-07
-8.67453e-07
-8.67437e-07
 -8.6744e-07
-8.67443e-07
-8.67434e-07
-8.67923e-07
-8.67901e-07
-8.67904e-07
-8.67914e-07
-8.67883e-07
-8.67892e-07
-8.67897e-07
-8.67868e-07
-8.67873e-07
-8.67875e-07
-8.67851e-07
-8.67854e-07
 -8.6786e-07
-8.67839e-07
-8.67845e-07
-8.67825e-07
-8.67824e-07
-8.67834e-07
-8.67812e-07
-8.67815e-07
-8.67819e-07
-8.67802e-07
-8.67803e-07
-8.67807e-07
-8.67796e-07
-8.67796e-07
-8.67638e-07
-8.67641e-07
-8.67645e-07
-8.67632e-07
-8.67635e-07
-8.67624e-07
-8.67627e-07
-8.67629e-07
-8.67616e-07
-8.67618e-07
 -8.6762e-07
-8.67608e-07
 -8.6761e-07
-8.67612e-07
-8.67607e-07
-8.67429e-07
-8.67434e-07
-8.67424e-07
-8.67427e-07
-8.67792e-07
-8.67795e-07
-8.67781e-07
-8.67785e-07
-8.67786e-07
-8.67774e-07
-8.67776e-07
-8.67778e-07
-8.67767e-07
 -8.6777e-07
-8.67759e-07
-8.67762e-07
-8.67763e-07
-8.67757e-07
-8.67756e-07
-8.67604e-07
-8.67606e-07
-8.67596e-07
  -8.676e-07
-8.67601e-07
 -8.6759e-07
-8.67592e-07
-8.67594e-07
-8.67585e-07
-8.67587e-07
-8.67588e-07
 -8.6758e-07
-8.67583e-07
-8.67581e-07
-8.67969e-07
 -8.6798e-07
 -8.6795e-07
 -8.6795e-07
-8.67958e-07
-8.67934e-07
-8.67933e-07
-8.67941e-07
-8.67922e-07
-8.67917e-07
-8.67927e-07
-8.67915e-07
-8.67914e-07
-8.67913e-07
-8.67916e-07
-8.67908e-07
-8.67754e-07
-8.67755e-07
-8.67749e-07
-8.67749e-07
-8.67751e-07
-8.67744e-07
-8.67746e-07
 -8.6774e-07
 -8.6774e-07
-8.67742e-07
-8.67735e-07
-8.67736e-07
-8.67735e-07
-8.67579e-07
-8.67574e-07
-8.67577e-07
-8.67578e-07
-8.67569e-07
-8.67571e-07
-8.67572e-07
-8.67567e-07
-8.67735e-07
-8.67733e-07
-8.67731e-07
-8.67733e-07
-8.67728e-07
-8.67729e-07
-8.67725e-07
-8.67726e-07
-8.67726e-07
-8.67724e-07
-8.67722e-07
-8.67724e-07
-8.67723e-07
-8.67725e-07
-8.67721e-07
-8.67722e-07
 -8.6772e-07
 1.11951e-07
 1.11931e-07
 1.11897e-07
 1.11987e-07
 1.11975e-07
 1.11949e-07
 1.11961e-07
 1.11978e-07
 1.11963e-07
 1.12063e-07
 1.11966e-07
 1.11956e-07
 1.11987e-07
 1.11889e-07
 1.11869e-07
 1.11841e-07
 1.11942e-07
 1.11919e-07
 1.11895e-07
 1.11956e-07
  1.1194e-07
 1.11923e-07
 1.12015e-07
 1.11973e-07
 1.11953e-07
 1.12119e-07
 1.12091e-07
 1.12036e-07
 1.12049e-07
 1.12101e-07
 1.12224e-07
 1.12193e-07
 1.12079e-07
  1.1204e-07
 1.12217e-07
 1.12212e-07
 1.12201e-07
 1.12257e-07
 1.12235e-07
 1.12217e-07
 1.12274e-07
 1.12257e-07
 1.12257e-07
 1.12249e-07
 1.11881e-07
 1.11861e-07
 1.11841e-07
 1.11925e-07
  1.1191e-07
 1.11891e-07
 1.11953e-07
 1.11933e-07
 1.11995e-07
 1.11975e-07
 1.11955e-07
 1.12035e-07
 1.12016e-07
 1.12002e-07
 1.12022e-07
 1.12039e-07
  1.1209e-07
 1.12055e-07
 1.12028e-07
 1.12138e-07
 1.12122e-07
 1.12092e-07
  1.1218e-07
 1.12166e-07
 1.12147e-07
 1.12209e-07
 1.12186e-07
 1.12147e-07
 1.12253e-07
 1.12231e-07
 1.12206e-07
 1.12295e-07
 1.12276e-07
 1.12252e-07
 1.12341e-07
 1.12316e-07
 1.12295e-07
 1.12362e-07
 1.12334e-07
 1.12317e-07
 1.12408e-07
 1.12381e-07
 1.12357e-07
 1.12446e-07
 1.12424e-07
 1.12398e-07
 1.12466e-07
 1.12444e-07
 1.12406e-07
 1.12479e-07
 1.12464e-07
 1.11817e-07
 1.11875e-07
 1.11854e-07
 1.11808e-07
  1.1192e-07
 1.11901e-07
 1.11878e-07
 1.11961e-07
 1.11933e-07
 1.11917e-07
 1.11988e-07
 1.11958e-07
 1.11939e-07
 1.12023e-07
 1.11996e-07
 1.11978e-07
 1.12043e-07
 1.12008e-07
 1.12017e-07
  1.1209e-07
 1.12038e-07
 1.11997e-07
  1.1213e-07
 1.12112e-07
 1.12087e-07
 1.12174e-07
 1.12156e-07
 1.12133e-07
 1.12219e-07
 1.12198e-07
 1.12175e-07
 1.12247e-07
 1.12219e-07
 1.12197e-07
 1.12302e-07
 1.12269e-07
 1.12237e-07
 1.11852e-07
 1.11835e-07
 1.11882e-07
 1.11862e-07
  1.1183e-07
 1.11931e-07
 1.11909e-07
 1.11889e-07
 1.11963e-07
 1.11948e-07
 1.11932e-07
 1.11999e-07
  1.1197e-07
 1.12287e-07
 1.12258e-07
 1.12328e-07
 1.12307e-07
 1.12287e-07
  1.1239e-07
 1.12348e-07
 1.12331e-07
 1.12392e-07
 1.12371e-07
 1.12345e-07
 1.12437e-07
 1.12412e-07
 1.12387e-07
 1.12473e-07
 1.12459e-07
 1.12428e-07
 1.12474e-07
 1.12447e-07
 1.11746e-07
 1.12024e-07
 1.11991e-07
 1.11962e-07
 1.12033e-07
 1.12008e-07
 1.11997e-07
 1.12077e-07
 1.12054e-07
 1.12034e-07
 1.12109e-07
 1.12095e-07
 1.12071e-07
 1.12138e-07
 1.12118e-07
 1.12088e-07
 1.12184e-07
 1.12162e-07
 1.12144e-07
 1.12226e-07
 1.12204e-07
 1.12186e-07
 1.12274e-07
 1.12252e-07
 1.12227e-07
 1.12293e-07
 1.12276e-07
 1.12253e-07
 1.12329e-07
 1.12311e-07
 1.12286e-07
  1.1238e-07
 1.12356e-07
 1.12338e-07
 1.12397e-07
  1.1237e-07
 1.12004e-07
 1.11991e-07
 1.11973e-07
 1.12037e-07
 1.12016e-07
 1.12074e-07
 1.12061e-07
 1.12047e-07
  1.1212e-07
   1.121e-07
 1.12084e-07
 1.12158e-07
 1.12146e-07
 1.12123e-07
 1.12189e-07
 1.12169e-07
 1.12145e-07
 1.12232e-07
 1.12209e-07
 1.12192e-07
 1.12399e-07
 1.12439e-07
 1.12419e-07
 1.12391e-07
 1.12483e-07
 1.12459e-07
 1.12439e-07
 1.12487e-07
 1.12482e-07
 1.11851e-07
 1.11894e-07
 1.11867e-07
 1.11847e-07
 1.11902e-07
 1.11889e-07
 1.12227e-07
 1.12271e-07
 1.12255e-07
 1.12235e-07
 1.12322e-07
   1.123e-07
 1.12279e-07
 1.12339e-07
  1.1232e-07
 1.12308e-07
 1.12379e-07
 1.12364e-07
 1.12338e-07
 1.12426e-07
 1.12406e-07
 1.12388e-07
 1.12449e-07
 1.12429e-07
 1.12476e-07
 1.12458e-07
 1.12493e-07
  1.1247e-07
 1.12534e-07
 1.12518e-07
 1.12497e-07
 1.12572e-07
  1.1256e-07
 1.12538e-07
 1.12576e-07
 1.11974e-07
  1.1197e-07
 1.11935e-07
 1.11871e-07
 1.12014e-07
    1.12e-07
 1.11977e-07
  1.1204e-07
 1.12021e-07
 1.11985e-07
 1.12086e-07
  1.1206e-07
 1.12033e-07
 1.12126e-07
 1.12097e-07
 1.12075e-07
 1.12134e-07
 1.12106e-07
 1.12075e-07
           1
           1
           1
