-3.0756419685280507, -0.27244039177796875, 8.677005021766037 
-3.018361275675276, 0.026679466487514958, 8.679504709498747 
-3.2723516163814006, -0.9517959198547361, 8.665629571719474 
-3.1765550561762455, -0.6393026144533902, 8.67145681369005 
-3.4523361209772068, -1.6317027223351426, 8.653740575230966 
-3.3971706284076744, -1.3318687663461386, 8.65739757671368 
-3.5741059678115166, -1.985148725787595, 8.644761357300197 
-3.76666756722424, -2.6745038421799503, 8.629258004043402 
-3.689867723676479, -2.3533234496166626, 8.635800702750547 
-3.9653122579771614, -3.384052837701308, 8.611359762484643 
-3.866255351369573, -3.0394772535724206, 8.620506115579984 
-4.1761857207144635, -4.06193190544091, 8.590783448075836 
-4.08485433316775, -3.772231129782214, 8.599855964375394 
-4.301986776722651, -4.357150884093139, 8.578590005488401 
-4.501337251415937, -5.07098232526271, 8.555801650756132 
-4.444558987818003, -4.774697249417766, 8.563532195876164 
-2.958120277658863, 0.4018104099922759, 9.209541997074728 
-3.146362771242022, -0.26316672601391655, 9.19299202179684 
-3.0647215823372997, 0.006796349821563297, 9.19998842350234 
-3.349499263407126, -0.9851039876853074, 9.174495596457074 
-3.26322140441975, -0.6695490971354561, 9.18254630298439 
-3.52252517603801, -1.6759319609992502, 9.157085019264692 
-3.469035697658362, -1.3516566203239622, 9.164167325258438 
-3.6433289082963602, -1.971642437252461, 9.147495461557895 
-3.5615418756729023, -1.672879599319164, 9.155513812952725 
-3.8179551671371366, -2.7055186408090943, 9.128461730509255 
-3.774876482076132, -2.382849458369625, 9.135510694576286 
-3.9494545014915756, -3.3990381964517358, 9.111271028592725 
-3.875461554655714, -3.052203052540837, 9.120291982704106 
-4.126572872667977, -4.08835288596298, 9.091620493541065 
-4.0396412527924594, -3.7711209413362514, 9.100967653903602 
-4.312848548892956, -4.774084231299408, 9.071019358190563 
-4.232900304128253, -4.43679077012899, 9.080712009111302 
-4.427534790415419, -5.084554132514775, 9.060170126591292 
-4.336431210431685, -4.775073067911349, 9.069991718489785 
-4.6546681995109855, -5.798993620857509, 9.036333316898737 
-4.569841859163481, -5.483709695667505, 9.0462810393473 
-4.840608252971941, -6.447295198803166, 9.014990699663606 
-4.767685358281066, -6.175938625030746, 9.02376730267812 
-4.9578295287746, -6.8527732646119315, 9.001307305780944 
-5.142335284929337, -7.467146334104502, 8.979914152101601 
-5.075790672327202, -7.204601652023131, 8.988596933264873 
-5.342974086269227, -8.169409073448477, 8.955341115736065 
-5.256872231500732, -7.855822139978425, 8.966240870600389 
-5.5326614123055124, -8.84759136346035, 8.931234732071282 
-5.454985692407411, -8.565268852765374, 8.94126830001915 
-5.646768330978593, -9.234968439968949, 8.916963981694545 
-5.836378745511905, -9.866582373466336, 8.893217970720006 
-5.773082004721615, -9.60772262005834, 8.902392292144992 
-6.096323390177445, -10.591116103230728, 8.863643910929127 
-6.001128293831727, -10.289878774926454, 8.875447796595994 
-6.19546357281459, -10.932599640504234, 8.850518023583511 
-2.927920347820728, 0.38581407879260077, 9.736599692132007 
-2.9457244539242327, 0.6589568936066961, 9.745394766971966 
-3.1220958817551585, -0.29659790393821606, 9.712179312473657 
-3.028831816514864, 0.02659434164158725, 9.723682271915205 
-3.3152871097065804, -0.9645250646698464, 9.688778371559557 
-3.2342482191212634, -0.6949446179927881, 9.698194752138615 
-3.529657149418747, -1.6852478094292858, 9.66408221648286 
-3.4335363542649864, -1.3591695391433047, 9.675178214777361 
-3.6323522298632644, -2.023234447577053, 9.652726757823313 
-3.547642837028943, -1.6866540531849754, 9.66385557827555 
-3.8175469712895724, -2.6902342436075664, 9.630869497729314 
-3.7320482888070385, -2.3727173241609405, 9.641166441333812 
-4.017699124783152, -3.3656953879294935, 9.609211276226869 
-3.943344469618034, -3.098762600823166, 9.617655823188606 
-4.221932064079064, -4.086557068789997, 9.586847707516732 
-4.134683900680321, -3.7591678308183187, 9.596882020185989 
-4.327476324717872, -4.424897458384821, 9.576522246223464 
-4.242615415263892, -4.087060721292259, 9.586645784464924 
-4.515907942584424, -5.090417976993926, 9.556777478538802 
-4.430966233891335, -4.773842245296562, 9.566045336087566 
-4.699795254097066, -5.775714311327208, 9.537147811752341 
-4.633444325612504, -5.49984149160078, 9.54491299690541 
-4.912758132140779, -6.48810979464013, 9.51720015947806 
-4.8331333105910685, -6.1773042481647735, 9.525723281971967 
-4.998820571729509, -6.808482254555151, 9.50854345900477 
-4.936885450544064, -6.48780855449464, 9.517003490179544 
-5.208220208214638, -7.471331387606287, 9.490728087078956 
-5.140766038138049, -7.21128918645152, 9.497519869316598 
-5.398823265369512, -8.168564864210044, 9.472818981585124 
-5.3262654346284295, -7.886354281956101, 9.479960636543819 
-5.5962374220747835, -8.894235122861307, 9.454795004017868 
-5.512032625363294, -8.546613557301322, 9.463282399331627 
-5.695971607523636, -9.587947196944203, 9.438870421717453 
-5.628008369284472, -9.244271922706004, 9.446866617937733 
-5.62490013799587, -8.887982259471432, 9.45469286337509 
-5.7796662175362, -9.911508819648216, 9.431326787219767 
-5.876882655374012, -9.652000146360788, 9.435979125470794 
-5.975771572105512, -10.599673310130797, 9.415455390281405 
-5.892429666225696, -10.280038876364735, 9.422690226034788 
-6.170606962645096, -11.272738380128555, 9.400355345942176 
-6.096015493032408, -10.999475875410752, 9.406394856689223 
-6.399847939329368, -11.99233246266043, 9.384501044008083 
-6.30577613612675, -11.680937164135765, 9.391268833831695 
-6.495110580660941, -12.2992250675103, 9.377910517568111 
-6.419013992718642, -11.991040385357774, 9.384355760749997 
-6.59862773767959, -12.642247532635206, 9.37064198396693 
-2.919419365121189, 0.37014645157131554, 10.262019135663241 
-2.9161386059251084, 0.6755406657921057, 10.278139061882317 
-3.0992184771707505, -0.2864826473729396, 10.231227728693113 
-3.0329066478881144, -0.026107886344547637, 10.243311979244105 
-3.310799371853867, -0.9892984269159681, 10.200284344893731 
-3.21661461559865, -0.6746277400189236, 10.213919477895608 
-3.5222856904030246, -1.6960994073768463, 10.171023206662888 
-3.436342263941694, -1.4004038315032004, 10.183121560915417 
-3.619912102929267, -2.019332122102676, 10.158349617144594 
-3.8107238219854773, -2.708035005672153, 10.132192951916362 
-3.730912355798208, -2.387566502100907, 10.144291793807426 
-4.0109528636151675, -3.3877200080273884, 10.108434555284303 
-3.9347269015556696, -3.1075932888308087, 10.118156344071583 
-4.217405760423193, -4.097021454890914, 10.085564699549735 
-4.134182269929938, -3.8006309209264915, 10.09498769703792 
-4.314185915243496, -4.420879174243148, 10.075914756084888 
-4.5070936192476365, -5.108249045236779, 10.05637018049945 
-4.426581239558408, -4.7867328499388595, 10.065478569865519 
-4.701385329205459, -5.817800146803425, 10.037999006617788 
-4.631300457853775, -5.511816731229957, 10.046028767622383 
-4.911827575265497, -6.4996837396417835, 10.022826741253827 
-4.8251353362084, -6.1851022301870335, 10.029907435807441 
-4.998744623526492, -6.821757182753056, 10.01601133948606 
-4.944998600746854, -6.499601735328938, 10.023696807455877 
-5.198200238602163, -7.5104223655089974, 10.002977884053966 
-5.11455913922205, -7.191149778393447, 10.008992168739475 
-5.391299902866561, -8.190835119796507, 9.991676838364896 
-5.308010920413692, -7.9060502469903415, 9.996138661298218 
-5.597300732993195, -8.902026278511347, 9.981734293298018 
-5.50961397870702, -8.605203350075836, 9.985660523943679 
-5.704881258878472, -9.275955339360959, 9.977235683971479 
-5.869178487532694, -9.891706564427539, 9.970385648311428 
-5.804035028890257, -9.62906130619761, 9.973250069622297 
-6.08316441837498, -10.593955366518323, 9.964700564308748 
-6.010572253197782, -10.312199760558904, 9.967148969485594 
-6.289790515302363, -11.306223185794732, 9.960180449869316 
-6.209873555784896, -11.005673054747948, 9.962122986241752 
-6.3830273985014125, -11.627141321390132, 9.958651232160918 
-6.574679186315909, -12.30423207850449, 9.956113262271323 
-6.503690175195028, -11.995776391986233, 9.95749975967553 
-6.692043999139405, -12.66461844215979, 9.955605353320177 
-2.6817867530174953, 1.2673200565260903, 10.845884094131232 
-2.8048096325099428, 0.6818141449723605, 10.8071030415916 
-2.7342392647981546, 1.0225648816203137, 10.829582868945927 
-2.918610005159395, 0.3218062824835375, 10.78593943369021 
-3.0882227971441862, -0.2624460089476699, 10.752379595888922 
-3.008309992511035, -0.011639585776480388, 10.76613797299666 
-3.3054919296533933, -1.000442059350716, 10.713022935169025 
-3.2177990598693205, -0.7176324651665977, 10.727460837746893 
-3.4945919364372253, -1.679833445455598, 10.679184787128058 
-3.4335025916373416, -1.4041402013304216, 10.693426312659623 
-3.620815953776888, -2.0582879743879943, 10.662802450211572 
-3.8028285276477254, -2.7138108916753234, 10.634509809241141 
-3.739345205545569, -2.4016622771891285, 10.648832029489162 
-3.9945904008021023, -3.4025846041006167, 10.607805405968014 
-3.912121676135908, -3.0888655710712998, 10.6198298524302 
-4.190155546188245, -4.1176354710779615, 10.583174284233593 
-4.121376783203536, -3.8051551359683478, 10.594525670057182 
-4.308799259867322, -4.459787197462971, 10.574143674299844 
-4.495335506467916, -5.1142103280278945, 10.556519393196293 
-4.433101781500723, -4.804562495652112, 10.56597676513871 
-4.711318571445967, -5.829478116907583, 10.541196800261131 
-4.638922972435448, -5.522377284182248, 10.548576920442645 
-4.886980278153893, -6.518322471574724, 10.527649085067463 
-4.834950381735045, -6.198233557230607, 10.535417300020011 
-5.014644614237336, -6.8590004491876035, 10.524639645572634 
-4.969449112814892, -6.509865810251083, 10.532947971426285 
-5.196164769622222, -7.512218368326667, 10.516881977370414 
-5.12531184014463, -7.204381022799134, 10.521045114030926 
-5.400788071394177, -8.250744769742417, 10.51117215792155 
-5.321871882534819, -7.919512045915391, 10.514117257383903 
-5.578018794845174, -8.91917574945359, 10.508304847710704 
-5.50374756472367, -8.591816154171037, 10.510205730269533 
-5.701693611241354, -9.262953221811514, 10.509891002831411 
-5.660755311021453, -8.902192278040596, 10.513696756843476 
-5.873358480716848, -9.909909864625504, 10.510705579908294 
-5.820316273173737, -9.603215208071655, 10.511715574457842 
-6.08436532876978, -10.600367703292642, 10.51568539269499 
-6.048883546271498, -10.338484229881434, 10.516204341165475 
-6.261094327239497, -11.302456748529789, 10.52088898422512 
-6.255046234559493, -11.000380347304098, 10.522618153647006 
-6.425078893102666, -11.658389778650633, 10.528912454438391 
-6.389167963086149, -11.324826094743525, 10.528416645001153 
-6.59459738331475, -12.325623043985043, 10.537137071976154 
-6.558669932755223, -12.047052337763835, 10.5354784378273 
-6.7310194491173165, -12.585896711819869, 10.544957755499164 
-2.083702647844503, 3.0961051876413475, 11.538737060626563 
-2.020653385428518, 3.3261763597453022, 11.560072912386762 
-2.285162399144844, 2.3767319315605597, 11.47443027701972 
-2.2037490551539873, 2.714011516224918, 11.50507088848823 
-2.390461739286235, 2.0658500708337897, 11.449037199125353 
-2.312842831586967, 2.377125275314995, 11.476281925590047 
-2.582143626623714, 1.3761739850876396, 11.39213817318727 
-2.533841986661643, 1.6487898387076267, 11.416063120340839 
-2.770169550707865, 0.6972609382489274, 11.339488597127394 
-2.701629055394835, 0.9807054841925087, 11.361770190885064 
-2.973244113474446, -0.02009174622260268, 11.288077820431232 
-2.8797761835888265, 0.33233329217572916, 11.313405211197772 
-3.0764518349746757, -0.35833183399403534, 11.266002585312325 
-2.9937851759316816, -0.021862809871047162, 11.289496822433037 
-3.2762667955197697, -1.00933698041199, 11.226022881220128 
-3.186897381446319, -0.7220194794687762, 11.243050941350553 
-3.4660595748451657, -1.700195373060879, 11.185892820299497 
-3.396872577990817, -1.4174117986241637, 11.202512511579716 
-3.6671842964173758, -2.4217027259492, 11.14867698881504 
-3.5978457513138418, -2.0873915036461224, 11.167498876705142 
-3.7872365491509017, -2.761701832538005, 11.135132244036708 
-3.6986078109089933, -2.4207599834117772, 11.151448956095377 
-3.968651699484549, -3.4082398210313087, 11.107931675043531 
-3.9050757233937583, -3.12986091806441, 11.120398547237407 
-4.15907379073925, -4.101635916629648, 11.082726940291394 
-4.086754279134991, -3.7914973695031815, 11.094653365057265 
-4.362927323426088, -4.821449043272073, 11.061874343465718 
-4.292734759244586, -4.487404568751333, 11.073336033112902 
-4.480654898126219, -5.1362354140755, 11.057064051865343 
-4.3942197007021635, -4.82150378113716, 11.064771631763067 
-4.687451887360518, -5.81134466411442, 11.045347436468173 
-4.616241002458264, -5.503414901263321, 11.052319510686242 
-4.87593134420841, -6.534462605610482, 11.034290919197172 
-4.804682270908539, -6.217426999174225, 11.03971634242069 
-5.054239748414736, -7.221748706418815, 11.028018501861563 
-4.9867506802482255, -6.881854584283184, 11.032688201280653 
-5.187785454097178, -7.567184664603232, 11.030760060358459 
-5.122529938106214, -7.255769855072457, 11.033565046476799 
-5.358363170985434, -8.225558642692341, 11.030501302633173 
-5.2998449151805405, -7.905456682123576, 11.032505561889023 
-5.544003777498669, -8.901388782652266, 11.035007495181045 
-5.489605589328192, -8.62100921259616, 11.034919303496633 
-5.740560969578323, -9.626183761668415, 11.043564039982597 
-5.6787703323521095, -9.292428830744765, 11.041966617306066 
-5.867760437211646, -9.971716820685593, 11.052378213859392 
-5.779226716680259, -9.618539024600562, 11.047378705796614 
-6.058302993860383, -10.602070322754894, 11.066476604493431 
-6.027653113667543, -10.346023500611576, 11.064865213550188 
-6.2459438092070085, -11.343840167421089, 11.083168399436051 
-6.222407857470205, -10.99847657721185, 11.081029595048257 
-6.376898982472006, -11.631854568678675, 11.096141701648605 
-6.406616950283008, -11.359006258496393, 11.098308340111188 
-1.4572579835799493, 5.434793984219031, 11.77067022167508 
-1.5005529284886512, 5.526531047576137, 11.783794515974172 
-1.5910423746772073, 4.772986746053872, 11.699657350578317 
-1.5272314413654948, 5.078097573624426, 11.732113321437446 
-1.5485346928657693, 5.487180121503462, 11.781551268611139 
-1.7000161903298272, 4.437352788717433, 11.666765327650452 
-1.6229472603833939, 4.77498471527778, 11.70160196999813 
-1.8903184625932647, 3.773482862364327, 11.602040127587149 
-1.8240677727386947, 4.05629357414502, 11.630099925299024 
-1.990163585567621, 3.4799232836269134, 11.575169399052037 
-2.2395582093092807, 2.394467097986313, 12.03424769237872 
-2.2354932416121853, 2.4330219916416294, 12.038872688176433 
-2.3620436217231324, 2.0150617549905707, 11.997068517894334 
-2.5478983691871973, 1.3650432891600648, 11.934043583630785 
-2.4831001360574794, 1.638704249038362, 11.961283723775715 
-2.754178762634049, 0.6450922923292595, 11.868925667062534 
-2.656657765396095, 0.9805103924728513, 11.898445351106862 
-2.934393355427745, -0.004295120538559516, 11.814093843013222 
-2.8708950576156136, 0.25667750477353835, 11.836646480723353 
-3.0515920367073166, -0.38267023978396963, 11.7856378566019 
-3.242220395682497, -1.050246904942699, 11.737231956176856 
-3.1671055325921005, -0.7624520307714135, 11.758160182904053 
-3.4490489751261793, -1.7522138322183602, 11.69238844931662 
-3.3593141299018656, -1.4080790403881522, 11.714976564229723 
-3.656426145224205, -2.431301892890443, 11.65534144349785 
-3.5676174998670147, -2.1403406615131813, 11.67066330480315 
-3.749431556184212, -2.7553154997074136, 11.639070911929792 
-3.9273886097559663, -3.4212454266578325, 11.607561266207092 
-3.8636450705945213, -3.160451090077368, 11.619861306754128 
-4.136312579372009, -4.153603126329248, 11.580591046718382 
-4.0388011919973215, -3.809888356757348, 11.592462221668228 
-4.341034354165719, -4.832145971747849, 11.562832904027207 
-4.257990740697127, -4.540371426568665, 11.570533788301773 
-4.440370914282446, -5.181877898887987, 11.555269652608565 
-4.639010047883528, -5.843813386020803, 11.546000385157921 
-4.557222738396109, -5.523538785184087, 11.551553731441103 
-4.834796960283081, -6.554010552226174, 11.539491977733666 
-4.748746534720689, -6.209307933843738, 11.543057235797665 
-5.039063019893288, -7.234181927546459, 11.540980040152094 
-4.949959920403011, -6.94364175337307, 11.539563117059043 
-5.120320134786671, -7.539494812403155, 11.542146628604133 
-5.319144184376676, -8.23649648568666, 11.550043702307399 
-5.253084145756881, -7.964202955883424, 11.547722993134435 
-5.523890395882058, -8.958964841706536, 11.563446381163873 
-5.432646693348322, -8.613942553184412, 11.557182395328127 
-5.687743459028778, -9.594825269551471, 11.577554184413971 
-5.646787365645349, -9.367604210443176, 11.574449237322234 
-5.81971606100407, -9.996180014145997, 11.592398209998503 
-6.0060843946746845, -10.630108672422914, 11.615789928570372 
-5.944073524625693, -10.368363818103951, 11.607521240246239 
-6.099908500716773, -10.971549518774722, 11.628971731938748 
-6.490221529620798, -11.850483549865952, 11.107532355266933 
-6.5655901611380765, -12.328683628582356, 11.117515103149529 
-6.548695601794724, -12.089498062756014, 11.114241335792606 
-6.720691880540234, -12.607576505700514, 11.134163714153138 
1.2228926753050162, 14.395134363370037, 12.857509453456764 
1.2529891685764296, 14.614433192350084, 12.887495444999377 
1.1457121214110755, 14.218271494793015, 12.83423320023524 
-1.0138081093996716, 6.689910812192203, 12.550008552844918 
-1.1551730511705118, 6.1391818002261225, 12.475832157588503 
-1.0685472967664458, 6.459780125388363, 12.51845611395315 
-1.3454310127695424, 5.470145692477763, 12.389319690777164 
-1.2716792541158624, 5.749144784760309, 12.42540925049439 
-1.5509633257720514, 4.752122781799764, 12.299810539700822 
-1.4783827514023313, 5.037489992187599, 12.335711806665756 
-1.6652331239372264, 4.403705640460428, 12.258928270059169 
-1.8509832368198813, 3.7642358324410896, 12.184191004031742 
-1.7651980390419988, 4.063934294088098, 12.218851729328204 
-2.0635205801074603, 3.0423178037898904, 12.103904077528817 
-1.970646390497369, 3.3571225811717706, 12.138346022361745 
-2.1772026830911946, 2.6565578484061216, 12.062884994461466 
-2.4260731311339176, 1.6813224803939022, 12.516151752374167 
-2.5556584864388876, 1.3624709811567666, 12.485848547841073 
-2.4980144978860777, 1.6034492633990798, 12.513589187192888 
-2.7688818276472107, 0.6329192774873036, 12.410417389044518 
-2.6872062405429924, 0.946710086176374, 12.443355717056107 
-2.939386611067863, -0.04948032193038898, 12.341985324805211 
-2.8698618911845015, 0.2560220856895068, 12.372919996072863 
-3.058181117318676, -0.4131665376412048, 12.31190787001227 
-3.2534519308137986, -1.045137786205312, 12.262129124962534 
-3.1780032536852802, -0.7787550262087581, 12.283258915094596 
-3.4615141846632307, -1.7347284347954206, 12.213354934642883 
-3.392741904104523, -1.4545387005422832, 12.234654877678743 
-3.64282210040919, -2.411844849423634, 12.16867994717855 
-3.590046024620615, -2.0916830493340157, 12.194057006445995 
-3.776412304842169, -2.7860229852793923, 12.15209619146868 
-3.716694128397804, -2.442825281054869, 12.176730407567984 
-3.953597344150057, -3.4398012658045856, 12.119130317909157 
-3.8836842801170137, -3.1340501013058146, 12.135642012553149 
-4.153535946181118, -4.16385732047635, 12.090429565305318 
-4.071255640264334, -3.8499152345670025, 12.102618077996759 
-4.335007865447971, -4.815176829744631, 12.071510628215135 
-4.279801214206372, -4.53118981400619, 12.082978548903473 
-4.46993057507074, -5.1859517440950915, 12.068906103276127 
-4.410785261286542, -4.847250662654423, 12.081589102524738 
-4.664242992690444, -5.844092519261935, 12.061561865630916 
-4.6251340656347475, -5.562536652165861, 12.07105471201854 
-4.876693195858459, -6.544669094076061, 12.061557286263149 
-4.830091927303871, -6.270462427945901, 12.066869629713738 
-5.033478226079134, -7.21607355369853, 12.06033104142235 
-4.967684781457332, -6.874666664959869, 12.062646076343174 
-5.155327494112531, -7.605410507086327, 12.067852103015277 
-5.101492367368407, -7.243470248470881, 12.070723830822391 
-5.3448880140217545, -8.243998315125816, 12.08252392406493 
-5.271592125421425, -7.938845770116558, 12.077597218128801 
-5.528586525096247, -8.943043495229837, 12.100682447126847 
-5.486673783197625, -8.65979245267029, 12.097999133727633 
-5.712507378220864, -9.657740554197916, 12.124991395124301 
-5.688238855606438, -9.352858786671526, 12.123011810564886 
-5.8323020557117635, -9.995699168604471, 12.144246908764135 
-6.211675611066368, -11.365400033505384, 11.64602179719067 
-6.132009507366903, -11.057151229998533, 11.633565130833208 
-6.398996988460753, -12.015249880491655, 11.677280822791104 
-6.333309617858597, -11.753487356673723, 11.665601850408219 
-6.510692493506478, -12.393534877658391, 11.69747844249331 
-6.637805373198785, -12.673000683379367, 11.718562487186228 
2.421224744116805, 18.451767659507418, 13.415401132781575 
2.467856147855964, 18.75359697164075, 13.458108169806302 
2.3023233131713488, 18.135704505195275, 13.371193565237203 
2.3892442518578703, 18.455408972512043, 13.416079533819762 
2.120586895772024, 17.468751215121024, 13.277957015629198 
2.179750175541127, 17.727132968421255, 13.314091454212367 
1.9014111725014118, 16.779458053946914, 13.182476460509214 
1.9663732043997841, 17.048999285801383, 13.219917386991625 
1.7940327052857548, 16.437956681006234, 13.13549565840776 
1.58929138579557, 15.76018472693356, 13.0426730997286 
1.6411618169549183, 16.04006674025282, 13.081260757773912 
1.3885494904333013, 15.034351940479489, 12.943906915706066 
1.4634056806701645, 15.380423903844477, 12.991157166165571 
1.3162955442361683, 14.87012954733554, 12.922090497649116 
0.5275352631531733, 11.929156177379099, 13.318220109867774 
0.34836346906253457, 11.237391663214439, 13.209295020547614 
0.432569789505048, 11.60404382487027, 13.267315759046518 
0.2467292643840091, 10.949752857702961, 13.165656568637136 
0.3294352751435943, 11.24706886502464, 13.211688264791626 
0.053011118260545054, 10.296989707107567, 13.066109444174824 
0.11655324304301207, 10.527471313001197, 13.101260901207393 
-0.16592906180070965, 9.587062183406992, 12.960174036147084 
-0.09049636310617704, 9.829603044893211, 12.996126226614873 
-1.039321069499839, 6.444704999357597, 13.163007254834202 
-1.1616829692918964, 6.129115291480254, 13.116822019309318 
-1.1148040482730925, 6.395010603810686, 13.160583373965956 
-1.338815964400955, 5.4931581070066375, 13.019792514954872 
-1.2868578294739708, 5.733404349400031, 13.057416340502147 
-1.5571872405857947, 4.745194000531971, 12.910747880085268 
-1.48683471110287, 5.041368820169106, 12.95499527270172 
-1.6792113275562253, 4.404571626063923, 12.865146585403643 
-1.868351880266757, 3.753577186599289, 12.776234678148882 
-1.8057862661696449, 4.061087640451223, 12.82046763600112 
-2.0642508328161115, 3.0595136690202445, 12.68531765153762 
-1.9972329924468726, 3.342522343409396, 12.723228776899287 
-2.2489025931057887, 2.3808902118922752, 12.600278033963608 
-2.1856058049515097, 2.674773741192789, 12.638526130422463 
-2.395979046157083, 2.0103519769213367, 12.561643386118412 
-2.571648389456592, 1.2124225973949319, 12.83452917372481 
-2.5081605866301695, 1.6636257795437661, 12.523697726706342 
-2.7491738400202683, 0.6514085716056943, 12.958737305027864 
-2.669330477333747, 0.9196900057506845, 12.989125059500118 
-2.938725992832185, -0.06943543373607142, 12.878148969586512 
-2.8478569125297026, 0.2460088579916686, 12.911214269659173 
-3.1157274594893076, -0.7550232282949754, 12.808212692667258 
-3.038659862047841, -0.39558102798762995, 12.846843291275288 
-3.2393556870813187, -1.0703379196778045, 12.786059767517305 
-3.1451331468558203, -0.7570422929913603, 12.812995010514776 
-3.4452186957376503, -1.7504304869765779, 12.732991955950524 
-3.362967470418556, -1.4373882429365672, 12.758594639374774 
-3.655875583997953, -2.4598759286374614, 12.685257791885672 
-3.5868489564693506, -2.1892595256130516, 12.704633009392012 
-3.770140647589968, -2.771949818067257, 12.671307439978936 
-3.9497911187141996, -3.4611306150076473, 12.632379825619036 
-3.8852827873610165, -3.1502037856166467, 12.651883689520037 
-4.130807010527806, -4.1452867320151485, 12.602338035646504 
-4.056301461046044, -3.8352228598504405, 12.616336976858204 
-4.340297623560541, -4.86497378463395, 12.583320508098662 
-4.27960244916713, -4.5506283318202705, 12.596671135099946 
-4.487230958721811, -5.221134586555877, 12.586110703963381 
-4.423146205719152, -4.858786038858324, 12.60013690404828 
-4.6813800404024635, -5.861924601519313, 12.582438251804106 
-4.642991166026804, -5.566322675835954, 12.593338550198247 
-4.862866904491146, -6.578076655674731, 12.579555192018244 
-4.771847448249317, -6.214937492064969, 12.580096681348092 
-5.002964163637688, -7.2338114122044255, 12.579145070110275 
-4.955986779577276, -6.924942724913269, 12.582466976309718 
-5.186681574677704, -7.955789783295561, 12.592789063196673 
-5.143484358412874, -7.615413981460893, 12.594350898903432 
-5.337416808631793, -8.261104363151802, 12.616114145668227 
-5.297943647938031, -7.9723672596091, 12.615054516857843 
-5.535088180515571, -8.953791973294251, 12.644581144632912 
-5.49092826837911, -8.660695616771164, 12.639663661105544 
-5.690739902058067, -9.661574859696811, 12.67159789025516 
-5.660567143829232, -9.281992444779961, 12.667110457300115 
-5.93444098325238, -10.177703470416366, 12.161189374414597 
-6.04094234133417, -10.632040065988587, 12.180915615089141 
-6.020983810413838, -10.371645500492352, 12.176101670528787 
-6.235107080329763, -11.343084692995772, 12.220611668760938 
-6.195507998307797, -11.04458677347646, 12.21022166384078 
-6.415676398990812, -12.097350381854424, 12.26446357811465 
-6.379740640211058, -11.738845834971158, 12.251128751944151 
-6.559774586297459, -12.358717608892166, 12.294218488089815 
-6.516863576357358, -12.06559580093378, 12.280106178163411 
-6.684539629225598, -12.633951845412014, 12.321614177015011 
1.6252100003008252, 15.632766068959782, 13.920071053300902 
1.4554281821287605, 15.059378446139757, 13.82455167621205 
1.5321666315200497, 15.346464758771148, 13.87246411360044 
1.2464030431705835, 14.348169029416042, 13.707099701167987 
1.3259261189081952, 14.630844397766964, 13.753733383679162 
1.0375536514979702, 13.643498870503858, 13.592063872685266 
1.129159367390641, 13.948933874074214, 13.641758147286431 
0.9479969628285092, 13.354867190984127, 13.545501620168647 
1.0210396129007497, 13.641556525549081, 13.592234780105333 
0.7497977035558803, 12.688661915537637, 13.438581487505342 
0.8290332867486834, 12.957029313561502, 13.481493820475436 
0.5612564182879227, 12.034651603967085, 13.33471655871736 
0.6175892863347494, 12.24798364328139, 13.368648250034276 
-0.017136797820701766, 10.051490860021591, 13.77060776672085 
-0.1574904651222928, 9.527365094710255, 13.677223825322685 
-0.10011646038375677, 9.808984398693141, 13.728437755907766 
-0.35463295219561974, 8.837359121749728, 13.55719463099333 
-0.28261189958200195, 9.185591153620184, 13.619410450202768 
-0.4703230389542421, 8.543029818041543, 13.509144681877785 
-0.38732785532956004, 8.83319673114756, 13.558712758045736 
-0.6391016170059354, 7.863879694413292, 13.392956845702425 
-0.5825354431132039, 8.117547348012142, 13.43652542444585 
-0.8660044408158738, 7.155564172274962, 13.278733533793435 
-0.8060302340061076, 7.41119410621212, 13.321353989322134 
-1.0277480692151295, 6.459535111998461, 13.164697142089707 
-0.9848213543739872, 6.785034445295063, 13.220510022771943 
-1.0795827553672153, 6.442970152852613, 13.166216904781297 
-1.3712317042310032, 5.320275811942627, 13.6243634740561 
-1.544441035644513, 4.6957658777829465, 13.519172445630431 
-1.488458241407156, 5.039534024149495, 13.58144879805764 
-1.7349219245513785, 4.0279972086463385, 13.41173817505845 
-1.6742057457233654, 4.391186326958724, 13.475143296735776 
-1.8643767581693274, 3.7332467122687607, 13.371951772529812 
-1.8246223879747907, 4.044475449869637, 13.426574151167614 
-2.060675057316298, 3.0219397637513623, 13.26470307768719 
-1.9935334003722138, 3.3281442265348122, 13.312473170465005 
-2.2329155914028638, 2.36240607913078, 13.169245790097701 
-2.1842012936704718, 2.657574960207107, 13.215442790739399 
-2.367874937321324, 2.0035193078984808, 13.12574705892072 
-2.5615559283642346, 1.316356172758299, 13.037711946333754 
-2.523810168924391, 1.6542951050691954, 13.088794889858587 
-2.734517765658338, 0.44724546330206927, 13.476064615604162 
-2.672595207398376, 0.9991098634424933, 13.002534494789785 
-2.889996622026554, -0.09125805313851032, 13.41211834270852 
-2.7906664749840955, 0.2510183812929707, 13.45209565253218 
-3.0690157871430257, -0.7386973193377218, 13.340441093492828 
-3.008252072858201, -0.5182967474825304, 13.364223169490248 
-3.187396865237834, -1.1177294318562252, 13.305128700478889 
-3.391155901473206, -1.778407636446893, 13.249326564818297 
-3.311458613994348, -1.4985834508387663, 13.273078210932194 
-3.586080790108231, -2.474901150720176, 13.195409390908996 
-3.4904914288627262, -2.145078259155216, 13.21898463053822 
-3.7945632466622135, -3.1675767681560254, 13.15478729120451 
-3.704362722623542, -2.8255906177986834, 13.176625864288937 
-3.884393957681886, -3.4978131187052552, 13.137033183476802 
-4.070006280605797, -4.167308098873776, 13.108011254463872 
-4.0007917790929275, -3.89618990463277, 13.119778512912692 
-4.279581107626256, -4.8854944801963125, 13.089399604539022 
-4.19630713726128, -4.573619544001895, 13.097953747118531 
-4.463184606987418, -5.537204704628407, 13.08020620166873 
-4.404392514034664, -5.2704129378061015, 13.086949195072119 
-4.59563277863086, -5.931687582936435, 13.084160971635853 
-4.53436101193095, -5.576662573689982, 13.094095454121039 
-4.750183949626789, -6.531625056246213, 13.08467066702309 
-4.684360167072975, -6.257800331222174, 13.08444742541056 
-4.968097857761742, -7.291536272486541, 13.100551230871474 
-4.8886631358934745, -6.975256153278634, 13.095247446996492 
-5.158629037320856, -7.950666706351251, 13.123719811142688 
-5.095596761745454, -7.699776606303094, 13.116409341854602 
-5.254072315079786, -8.281343484638159, 13.138660311828833 
-5.448744226105812, -8.962130720681557, 13.174508747869417 
-5.3883923853120566, -8.701982111711766, 13.162997717549828 
-5.715656531909036, -9.679125589174387, 12.676628016651652 
-5.668429853451628, -9.474428671477956, 12.805231472552506 
-5.8510558140889115, -10.027141520168028, 12.704729278415186 
-6.032900712390592, -10.65140182714128, 12.746559529375016 
-6.010700614635291, -10.37061782629334, 12.739026341069998 
-6.2348326110882715, -11.3858944129466, 12.7999101787147 
-6.167915828157915, -11.074349552780102, 12.780129021440946 
-6.435966198762745, -12.117585618113795, 12.859602328313041 
-6.377941340312833, -11.738738480351367, 12.837159593560724 
-6.534697295721409, -12.331878813833029, 12.886187590550357 
2.640879469274658, 19.105569575808556, 14.513092580544004 
2.7030524706678554, 19.326822943241936, 14.551611726295214 
2.4605573846076823, 18.459733089391396, 14.40103725511528 
2.527205864603882, 18.722247126499962, 14.446608755965258 
2.340706362078784, 18.06886665927066, 14.333728999628356 
2.152361571003847, 17.410411504346257, 14.220705961000355 
2.227545889157909, 17.700627567656035, 14.27053701902571 
1.9521840729691569, 16.742986020795513, 14.107102242710113 
2.0415749673626538, 17.054474504704604, 14.160082040673768 
1.7454308303269883, 16.031448240908272, 13.986857459358603 
1.8329843435914484, 16.349576810627266, 14.04061590940999 
1.7020942313258196, 15.899172402360254, 13.964734077187696 
0.8777824104930803, 13.135655159429856, 14.340644130107535 
0.7373237775070942, 12.630186634787385, 14.244336154983692 
0.778408190984968, 12.901945005001007, 14.297629736541563 
0.5407083538459974, 11.936146716929397, 14.113725577260201 
0.5853107432862528, 12.20357729729135, 14.16544595920649 
0.33697473843554615, 11.22438717508011, 13.981884268178387 
0.40610240538506037, 11.554397468319898, 14.044176982995022 
0.22629440698908976, 10.876008799955923, 13.918831047955834 
0.2686577843709097, 11.27567269924954, 13.995975542124938 
0.031456292647495054, 10.246901697985567, 13.806023577370581 
0.10803733119342329, 10.51395185115776, 13.85401597275845 
-0.05701218200469693, 10.063339278269218, 13.775453605254903 
-0.4924512103032237, 8.405322337677287, 14.192035163576513 
-0.6192569464564999, 7.877315616903097, 14.087316820509272 
-0.5559505553816253, 8.13519555975654, 14.138044921646898 
-0.84655486085697, 7.125500330417356, 13.946080208746402 
-0.8113765835359681, 7.385721117654818, 13.99885380744426 
-1.0488810931265506, 6.425681149761218, 13.817823915949184 
-0.9935214843474975, 6.758768318537767, 13.882765875950032 
-1.1596867971512497, 6.087658004962684, 13.758952976725105 
-1.0929931508321138, 6.433133048242082, 13.82417625887242 
-1.3279398604912958, 5.503487551797951, 13.656914294639641 
-1.2728015140090507, 5.7461185697268835, 13.700487354844324 
-1.5200704706719135, 4.532755509228032, 14.106730224246967 
-1.6887206229628005, 4.00950242388493, 14.014618714727586 
-1.612452539254897, 4.29968040109808, 14.067970859307337 
-1.7974677219037032, 3.6746461100140877, 13.957901991231164 
-1.9801228145348118, 3.0423498409884253, 13.851033832628385 
-1.9220778630982638, 3.2924627164369156, 13.894796335190936 
-2.1900074063715573, 2.331144217416565, 13.738350821212986 
-2.10204930262232, 2.644590652585652, 13.787814678562356 
-2.3772076522178844, 1.6576631115991063, 13.636632342462718 
-2.3093620863494584, 1.9266190866247257, 13.677780615231601 
-2.4910812248440015, 1.3196715759291724, 13.592106753852978 
-2.6712547249338643, 0.6766148668950187, 13.505539907303437 
-2.6186025716097054, 0.93528414737359, 13.543092530017692 
-5.52478310932693, -9.19936219562981, 13.190706258288312 
-5.645480623475414, -9.670630006218708, 13.218928308951849 
-5.562520364684986, -9.353631719898047, 13.199152246620844 
-5.844388277012489, -10.384334672688803, 13.272250176338726 
-5.776277053982901, -10.100244485021106, 13.252781103161116 
-5.978307771088423, -10.782367547485265, 13.311160437294273 
-6.129095270524723, -11.352121937097534, 13.36092490569845 
-6.070636905688441, -11.09264907562529, 13.33987829268413 
-6.3446771352337565, -12.076578989769972, 13.436469734994095 
-6.26528430501899, -11.770846913836156, 13.40634129097688 
-6.478703958286716, -12.482062663365369, 13.48497963108586 
2.7337707791941135, 19.4308233460761, 14.569730598678088 
1.7625999763487128, 16.050099850957185, 14.909252657340922 
1.7862926051432586, 16.205942082236636, 14.94112489195296 
1.6217719459832578, 15.683840305420155, 14.837414961570765 
1.4354128055301123, 15.03185692926283, 14.708290648853485 
1.5083768221686054, 15.319706248526657, 14.765461688765118 
1.2624728941137553, 14.35724622437559, 14.575166024681224 
1.2976838873244843, 14.595342491587743, 14.62301137314902 
1.036605917952607, 13.625589584993296, 14.433853328397873 
1.1090587120761688, 13.908445355371413, 14.488927201037633 
0.9475446207021205, 13.399783451017559, 14.39151414379587 
0.9900249151059084, 13.620633648209374, 14.434871974715143 
0.23708618965672112, 10.880950988408284, 14.69474527812039 
0.06361606271859532, 10.230208010715966, 14.557587701651194 
0.08678639569234026, 10.521476488929526, 14.622805889414817 
-0.14823166543170618, 9.490803493665357, 14.405705300182394 
-0.0818953173911785, 9.820306260871718, 14.475257169919796 
-0.3361892629441696, 8.794194171775395, 14.264629743693966 
-0.28715637110880454, 9.124513481971512, 14.33469470004394 
-0.42344501545683944, 8.677487968819836, 14.246345546120299 
-0.4119347001792031, 8.834732401015312, 14.28046638686655 
-0.6463961051043539, 7.485833185217226, 14.697163375111057 
-0.78605241141232, 7.098234976496752, 14.617701473646093 
-0.7088179500775764, 7.384559517686803, 14.67935629911928 
-0.9907541913440197, 6.3906667901412195, 14.470175598556054 
-0.8960462497583874, 6.737643850000596, 14.542655369294291 
-1.168484385704759, 5.718103861936562, 14.33236688462343 
-1.1077340078749875, 6.001096719392725, 14.391820925952327 
-1.2908709115592663, 5.3701129753237495, 14.267258349454874 
-1.1902329334688089, 5.718118334085068, 14.33533311817867 
-1.4765760764660678, 4.732629142760507, 14.145996819850826 
-1.3991130535540526, 5.027759475210905, 14.202706275769877 
-1.5535977567262487, 4.545625536822238, 14.114619341224024 
2.2797792473000698, 17.70675744069634, 15.2428034607542 
2.33604643388934, 17.95675983161989, 15.294275064683806 
2.1618361502884813, 17.422083311355713, 15.185798758787683 
2.209870430757655, 17.67055484910113, 15.236956780360245 
1.9307694383829421, 16.69613347155219, 15.039474852996015 
2.0042061129119295, 16.995199524611195, 15.100209642643083 
1.8451176850366426, 16.471671355419275, 14.994962035259466 
0.06191370944564323, 9.970245027894663, 15.258955118084636 
-0.07040376797742898, 9.52604281710957, 15.155732249628272 
0.008458324259511762, 9.811667815120128, 15.222527749656052 
-0.27429656874292707, 8.822876635456073, 14.994592636268763 
-0.20647581683673888, 9.08004287072928, 15.053801053251021 
-0.47827716197675496, 8.1055765960974, 14.833702901084433 
-0.38387093911835724, 8.451691630156446, 14.91133854564887 
-0.5756245828557374, 7.7914765433930135, 14.765648682808106 
-0.5014991796799739, 8.108033494143754, 14.836936845100837 
-0.6724730679841739, 7.493278977493084, 14.702107907744104 
0.4210812252460139, 11.102525039863181, 15.526319890876653 
0.23192065810449147, 10.520471799629245, 15.388189761554187 
0.3094975761998837, 10.803347782800707, 15.456404641143735 
0.1441865220930163, 10.239337347925836, 15.322014909974495 
