 3058.46
  3057.2
 3061.46
 3060.06
 3064.44
 3063.17
 3066.06
 3069.13
 3067.72
  3072.3
 3070.75
 3075.39
 3074.07
 3076.82
 3080.05
 3078.76
  3051.2
 3054.18
 3052.96
 3057.41
    3056
 3060.48
 3059.09
 3061.87
 3060.53
 3065.12
 3063.75
 3068.13
 3066.61
 3071.21
 3069.78
  3074.3
  3072.8
 3075.75
 3074.34
 3079.04
 3077.61
 3081.99
 3080.76
 3083.84
 3086.65
 3085.47
 3089.86
 3088.43
 3092.95
 3091.67
 3094.73
 3097.64
 3096.48
 3101.06
 3099.67
 3102.64
 3046.79
 3045.68
  3049.9
 3048.43
 3052.96
 3051.72
 3056.26
 3054.77
  3057.8
 3056.29
 3060.83
 3059.39
 3063.91
  3062.7
 3067.17
  3065.7
 3068.72
 3067.21
 3071.72
  3070.3
  3074.8
 3073.57
 3078.02
 3076.64
 3079.46
 3078.06
 3082.47
 3081.31
 3085.58
 3084.33
 3088.82
 3087.28
 3091.77
 3090.28
 3088.84
 3093.21
 3092.31
 3096.28
 3094.86
 3099.28
 3098.07
 3102.53
 3101.13
  3103.9
 3102.55
 3105.44
 3042.41
 3041.09
 3045.46
 3044.26
 3048.74
 3047.28
 3052.02
 3050.65
 3053.52
 3056.67
 3055.22
 3059.78
 3058.51
 3063.01
 3061.66
 3064.48
 3067.57
 3066.14
 3070.75
  3069.4
 3073.81
 3072.41
 3075.24
 3073.85
 3078.29
 3076.89
 3081.29
 3080.03
 3084.42
 3083.11
 3086.05
 3088.72
 3087.59
 3091.79
 3090.58
 3094.87
 3093.58
 3096.26
 3099.17
 3097.87
 3100.74
 3033.69
 3036.46
 3034.85
 3038.19
 3040.97
 3039.77
 3044.46
 3043.12
 3047.64
 3046.37
 3049.42
 3052.45
 3051.04
 3055.61
 3054.18
 3058.86
 3057.46
 3060.43
 3063.37
 3062.01
 3066.57
 3065.22
  3069.6
 3068.22
 3071.12
 3069.64
 3073.97
 3072.64
 3077.16
 3075.75
 3080.02
 3078.64
 3081.51
 3080.03
 3084.25
 3082.98
 3087.18
 3086.11
  3090.1
 3088.91
 3091.64
 3090.31
 3094.39
 3093.28
 3095.53
 3019.94
 3018.78
 3023.55
 3021.87
 3025.11
 3023.57
 3028.53
 3027.21
 3031.86
 3030.48
 3035.36
 3033.65
    3037
 3035.38
 3040.14
 3038.75
 3043.41
 3042.08
  3046.8
 3045.25
  3048.4
 3046.82
 3051.39
 3050.12
 3054.55
 3053.15
  3057.8
 3056.31
 3059.22
 3057.82
 3062.22
 3060.87
 3065.38
 3064.01
 3068.34
 3066.89
 3069.84
 3068.52
 3072.63
  3071.3
 3075.47
 3074.31
 3078.48
 3077.12
 3079.92
 3078.47
 3082.51
 3081.49
  3085.5
 3084.16
  3086.7
 3085.67
 3008.06
 3007.66
  3011.4
 3009.86
  3007.9
 3013.13
 3011.43
 3016.51
 3015.09
 3018.02
  3018.7
 3018.51
 3020.66
 3023.96
 3022.58
 3027.59
  3025.9
 3030.81
 3029.53
 3032.68
 3035.94
 3034.55
 3039.33
 3037.68
 3042.56
 3041.18
 3044.08
 3047.17
 3045.97
 3050.53
 3048.96
 3053.59
 3052.28
 3055.15
 3058.07
 3056.66
 3061.14
 3059.66
 3064.05
 3062.81
 3065.34
 3068.25
 3067.12
 3071.22
 3069.81
 3073.79
 3072.88
  3075.4
 3077.92
 3076.89
 3079.26
 3087.61
 3089.48
 3088.56
 3090.64
 2960.47
 2959.32
 2961.46
 2996.02
 2998.97
 2997.25
 3002.55
 3001.07
 3006.38
 3004.87
 3008.23
 3011.59
 3010.02
 3015.36
 3013.72
 3017.36
 3017.67
 3019.34
 3018.09
  3023.1
 3021.49
 3026.55
 3025.01
 3028.38
 3031.52
 3030.21
 3034.89
 3033.53
 3038.14
 3036.62
 3039.92
  3038.3
 3042.98
 3041.56
  3046.3
 3044.87
 3049.23
 3047.96
 3050.88
 3049.38
 3053.76
 3052.54
 3056.77
  3055.6
  3059.6
 3058.17
 3061.22
 3059.72
 3063.83
 3062.59
 3066.64
 3065.51
 3069.46
 3068.26
 3070.77
  3080.8
  3079.6
 3083.32
 3082.31
 3084.77
 3085.85
 2938.39
  2936.8
 2940.15
 2938.41
 2943.77
 2942.38
 2947.55
  2946.1
 2949.42
 2953.11
 2951.63
 2957.03
 2955.19
 2957.96
 2967.11
 2970.95
 2968.93
 2972.58
 2970.92
 2976.21
 2974.94
 2980.16
 2978.81
 2991.84
 2993.62
 2992.16
 2997.15
 2995.83
 3001.27
 2999.65
 3003.14
 3006.68
 3005.03
  3010.4
  3008.9
    3014
 3012.46
 3015.97
 3017.01
 3017.79
 3018.38
 3016.98
 3022.12
 3020.49
 3025.61
 3023.78
 3027.19
 3025.62
 3030.56
 3029.01
    3034
 3032.69
 3035.49
 3038.73
 3037.28
 3041.89
 3040.46
 3045.13
 3043.71
 3046.69
 3045.08
 3049.47
 3048.19
 3052.52
 3050.99
 3055.26
 3053.97
  3058.2
 3056.81
 3059.39
 3058.23
 3062.11
 3060.96
 3064.84
 3063.37
 3071.48
 3073.22
 3072.23
 3075.91
 3074.79
 3078.71
 3077.39
 3079.68
 3078.61
 3080.69
 2946.17
 2949.43
 2947.81
 2953.46
 2951.87
 2957.45
 2955.72
 2959.09
 2957.48
 2962.84
 2961.33
 2966.51
 2965.32
 2971.33
 2974.34
 2972.74
  2978.3
 2976.33
 2980.01
 2978.35
 2983.85
 2982.42
 2987.87
 2986.44
 2991.75
 2989.96
 2991.88
 2992.78
 2996.32
 2994.39
 3000.08
 2998.05
 3001.74
 3000.02
 3005.67
 3003.99
 3009.26
 3007.67
 3011.21
 3014.88
 3013.09
  3014.8
 3016.56
 3017.64
 3015.84
    3021
 3019.86
 3022.93
 3026.24
 3024.85
 3029.66
 3028.05
 3032.98
 3031.35
 3034.53
 3037.63
 3036.38
 3040.86
 3039.46
 3043.72
 3042.54
  3045.4
 3043.85
 3047.93
 3046.78
 3051.04
 3049.75
 3053.67
 3052.67
 3054.95
 3057.56
 3056.57
  3064.9
 3062.96
 3066.21
 3068.52
 3067.47
  3071.2
 3070.07
 3073.81
 3072.46
 3074.56
 2926.31
 2925.04
    2930
 2928.51
 2932.25
 2936.02
 2934.37
 2939.84
 2938.06
 2943.89
 2942.09
 2944.65
 2953.34
 2956.31
 2954.75
 2960.37
 2958.84
 2964.52
 2962.62
 2966.55
  2964.3
 2970.21
 2968.67
  2971.3
 2974.82
 2977.93
 2976.41
 2982.34
 2980.85
 2986.42
  2984.5
 2988.38
  2986.4
 2991.73
 2990.35
 2991.97
 2995.01
 2993.33
 2996.93
 3000.54
 2999.12
 3004.53
 3002.78
 3008.26
 3006.78
  3010.1
 3013.57
 3012.18
 3058.45
  3060.2
 3059.03
  3062.8
 3061.77
  3064.2
  3066.2
 3065.29
 3068.67
 3067.63
 3070.02
 2924.44
 2936.03
 2935.13
 2938.25
 2942.13
 2940.43
  2946.1
 2944.73
 2950.44
 2948.78
 2951.79
 2950.52
 2959.99
  2963.9
  2962.2
 2968.34
 2966.39
 2972.49
 2970.55
 2973.22
 2972.31
 2974.34
 2976.71
 2974.97
 2980.98
 2978.89
 2984.99
 2983.31
 2987.06
 2984.99
  2990.8
 2989.08
  2991.9
 2926.09
 2924.61
 2927.83
 2926.38
  2932.2
 2930.43
 2933.57
 2959.01
 2961.78
    2960
 2966.14
 2964.55
 2970.56
 2968.43
 2972.49
 2970.56
 2974.31
 2951.87
 2955.55
 2953.77
 2957.32
 71742.5
 71736.1
 71728.2
 71718.3
 71711.2
 71700.9
 71693.5
 71685.4
 71676.5
 71668.3
 71659.5
 71649.7
   71641
 71634.1
 71625.4
 71615.6
 71609.5
 71597.9
 71590.9
 71581.6
 71573.6
 71565.4
 71557.2
 71549.3
 71539.8
 71530.2
 71520.8
 71512.8
 71504.3
   71499
 71495.9
 71711.6
 71704.6
 71694.8
   71688
 71677.9
 71670.5
 71662.1
 71652.8
 71646.1
   71637
 71628.2
 71618.7
 71612.1
 71602.9
 71594.1
 71587.9
 71576.6
 71569.3
 71559.7
 71553.2
 71545.5
 71535.8
 71529.2
 71519.5
 71512.5
 71502.5
 71494.4
   71487
 71476.8
   71469
 71458.8
 71451.5
 71442.1
 71434.4
 71433.8
 71425.6
 71416.8
 71408.9
 71398.7
 71391.5
 71382.2
 71374.3
 71365.7
 71356.7
 71348.1
 71338.9
 71333.4
 71701.9
 71698.3
 71689.5
 71682.5
 71672.8
 71665.1
 71656.8
 71648.7
 71648.4
 71640.7
 71631.9
 71624.2
 71616.5
 71607.2
 71599.8
 71592.6
 71590.1
 71582.1
 71574.8
 71567.8
 71557.7
   71549
 71539.6
 71531.2
 71523.2
 71514.3
 71505.4
 71496.3
 71489.1
 71478.9
 71471.4
 71463.3
 71454.2
 71446.2
 71436.6
 71427.9
 71418.1
 71411.3
 71401.8
 71392.3
 71385.4
 71375.6
 71366.4
 71357.9
 71348.9
 71339.7
 71330.9
 71323.9
 71313.9
 71305.2
 71297.1
 71287.2
 71278.4
 71269.6
 71267.2
 71670.6
 71666.9
 71658.9
 71649.9
 71643.6
 71634.6
 71626.5
 71619.4
 71609.5
 71602.7
 71593.4
 71585.2
 71577.9
   71569
 71561.6
 71553.8
 71544.9
 71535.3
 71527.2
 71518.3
 71510.3
 71509.8
 71502.1
 71492.5
 71485.8
 71476.2
 71467.4
 71458.6
 71450.3
 71449.9
 71440.7
 71432.9
 71424.6
 71414.5
 71407.1
 71396.8
   71389
 71388.6
 71379.9
   71371
 71361.9
   71352
 71344.6
 71340.8
   71261
 71250.7
 71243.7
 71233.4
 71224.8
 71215.4
 71207.2
 71196.7
 71187.8
 71179.7
 71170.4
 71162.5
   71154
 71145.5
 71136.9
 71126.6
 71119.5
 71109.3
 71101.1
 71100.6
   71092
   71082
 71074.5
 71055.3
 71675.8
 71669.4
 71595.3
   71588
 71581.7
 71571.7
 71564.6
 71556.9
 71548.2
 71541.4
 71532.6
 71524.1
   71514
 71506.6
 71498.2
 71488.8
 71482.2
   71472
 71464.9
 71454.7
 71447.5
 71438.6
 71428.5
 71421.5
 71411.8
 71402.9
 71393.2
 71384.7
 71379.2
 71340.4
 71334.3
 71326.6
 71325.9
 71317.6
 71308.2
 71299.5
 71290.4
 71280.7
 71272.4
 71263.3
 71262.7
 71253.8
 71244.4
 71235.9
 71224.7
 71217.4
 71206.3
 71198.9
   71189
 71181.2
   71177
 71150.6
 71141.2
 71132.8
 71124.8
 71114.7
 71105.9
   71095
 71089.8
   71658
 71653.7
 71644.4
 71637.4
 71628.1
 71621.2
 71620.8
 71613.1
   71605
 71597.8
 71531.5
   71527
 71521.3
 71511.6
 71502.7
   71494
 71486.2
 71478.6
 71468.5
 71461.7
   71451
 71443.6
 71434.6
 71426.3
 71417.9
 71408.1
 71405.1
   71373
 71366.4
 71359.4
 71349.2
 71339.8
   71330
 71321.5
 71312.8
 71303.2
 71295.1
 71284.2
 71276.3
 71266.2
 71256.7
 71247.2
 71238.2
 71229.7
 71219.5
 71210.7
 71199.8
 71190.8
 71180.7
 71171.9
 71163.5
 71156.2
   71086
 71075.9
   71067
 71058.1
 71048.3
 71041.7
 71028.1
 71020.6
   71636
 71630.4
   71622
 71614.6
 71607.1
 71598.5
 71591.2
 71583.7
 71575.6
   71567
 71559.6
 71551.7
 71543.8
 71536.7
 71527.8
 71406.6
 71400.8
 71390.2
 71381.9
 71372.7
   71364
 71363.7
 71355.2
 71345.7
 71338.2
 71326.1
 71318.8
 71308.2
 71299.6
 71299.2
 71291.1
 71280.5
 71271.7
 71259.7
 71252.2
 71242.2
 71233.3
   71233
 71223.8
 71213.1
 71205.3
 71194.3
 71155.7
 71153.1
 71126.3
 71122.9
 71114.4
 71104.7
 71095.6
 71084.6
 71076.4
 71064.6
   71056
 71046.1
 71036.7
 71027.8
   71016
 71009.8
 71612.1
 71606.3
 71598.7
 71591.9
 71591.5
 71584.1
 71576.5
 71569.2
 71560.3
 71554.3
 71544.6
   71538
 71529.9
 71522.2
 71514.6
 71505.7
 71499.4
 71490.2
 71482.1
   71473
   71464
 71457.1
   71447
 71439.9
 71430.1
 71421.9
 71413.1
 71404.2
 71403.6
 71396.3
 71386.1
 71378.8
 71367.4
 71360.2
 71350.9
 71341.4
 71340.7
   71333
 71322.3
 71314.2
 71303.6
 71294.6
 71284.3
 71275.9
 71275.1
 71268.1
   71256
 71247.3
 71237.1
 71227.6
   71219
 71189.3
 71185.5
 71174.4
 71165.4
 71165.1
 71157.2
 71145.5
 71135.8
 71124.7
 71115.9
 71105.8
 71096.3
 71095.9
   71086
   71076
 71067.3
 71058.2
 71588.7
 71582.7
   71575
 71568.5
 71562.1
 71552.9
 71547.5
 71538.9
 71531.2
 71522.6
 71516.1
 71515.5
 71507.8
 71499.8
 71492.9
 71483.1
 71478.6
 71468.9
 71460.6
 71459.9
 71452.8
 71443.6
 71435.6
 71425.8
 71418.6
 71408.9
 71401.7
 71400.8
 71391.9
 71383.6
 71375.2
 71364.6
   71357
 71346.2
 71338.6
 71328.7
 71319.8
 71310.8
   71300
 71290.7
   71282
 71272.7
 71261.4
 71253.4
 71243.8
 71232.2
   71227
 71211.6
   71208
 71207.1
 71198.9
 71187.8
 71179.3
 71167.3
 71158.7
 71147.9
 71137.7
 71130.3
 71117.2
 71109.4
 71096.6
 71089.1
   71053
 71046.1
 71034.7
 71026.1
 71025.8
 71016.4
 71005.2
 70996.9
 70984.2
 71589.2
 71550.4
 71545.9
 71540.2
 71531.2
 71525.1
 71517.6
 71510.4
 71509.9
 71503.5
 71495.2
   71488
   71479
   71472
 71463.7
 71458.1
 71456.6
 71448.8
   71440
 71432.3
 71422.6
 71415.5
 71405.5
 71398.1
   71390
 71380.9
 71372.9
 71363.1
   71354
 71342.6
 71336.4
 71326.6
 71316.5
 71309.1
 71297.8
 71289.7
 71278.2
 71270.7
 71260.5
 71249.5
 71241.6
 71234.8
 71222.8
 71212.3
 71204.5
   71204
 71194.7
 71182.9
 71174.6
 71162.2
 71153.3
 71141.9
 71133.4
 71132.1
 71122.9
   71112
 71086.7
 71076.7
 71066.6
 71066.1
 71057.8
 71046.2
 71036.9
 71024.4
 71014.9
 71004.1
 70993.8
 70986.3
 71566.5
 71560.4
 71559.9
 71554.1
 71234.5
 71229.5
 71220.4
 71209.2
 71201.4
 71189.5
 71179.1
 71170.4
 71159.4
 71150.1
 71138.4
 71128.3
 71124.5
 71109.1
 71102.1
 71089.5
   71081
   71069
 71059.6
 71059.1
 71049.1
 71038.4
 71029.1
 71016.3
 70979.5
 70973.6
 70963.6
 70952.6
   71116
 71107.2
 71097.7
 71084.7
 71074.8
 71063.2
 71054.3
 71053.6
 71043.8
 71032.4
 71010.4
 71006.9
 70994.7
 70985.2
 70983.8
 70974.8
 70962.7
 70953.1
 70940.9
 70931.2
 70925.1
 71029.9
 71021.7
 71009.9
 70999.5
 70987.1
 70977.3
   70977
 70966.8
 70953.9
 70949.7
 70918.3
   70944
 70931.8
 70921.5
 70910.2
 70899.6
 70891.4
 -201094
 -201089
 -201085
 -201080
 -201072
 -201074
 -201068
 -201061
 -201057
 -201050
 -201045
 -201037
 -201033
 -201025
 -201016
 -201013
 -201003
 -200995
 -200996
 -200989
 -200984
 -200985
 -200979
 -200970
 -200965
 -200957
 -200951
 -200943
 -200938
 -200930
 -200922
 -201199
 -201198
 -201192
 -201187
 -201181
 -201174
 -201169
 -201161
 -201155
 -201148
 -201142
 -201136
 -201129
 -201123
 -201116
 -201110
 -201102
 -201094
 -201088
 -201082
 -201076
 -201068
 -201062
 -201054
 -201047
 -201048
 -201040
 -201032
 -201026
 -201019
 -201304
 -201303
 -201303
 -201297
 -201289
 -201284
 -201276
 -201270
 -201263
 -201257
 -201257
 -201250
 -201243
 -201237
 -201229
 -201223
 -201216
 -201209
 -201209
 -201202
 -201195
 -201189
 -201180
 -201175
 -201166
 -201160
 -201153
 -201146
 -201139
 -201131
 -201125
 -201118
 -200970
 -200967
 -201410
 -201407
 -201401
 -201393
 -201387
 -201379
 -201373
 -201366
 -201358
 -201352
 -201344
 -201338
 -201329
 -201323
 -201316
 -201308
 -201303
 -201295
 -201288
 -201279
 -201273
 -201266
 -201258
 -201253
 -201244
 -201237
 -201229
 -201224
 -201216
 -201208
 -201202
 -201193
 -201188
 -201179
 -201172
 -201169
 -201516
 -201512
 -201505
 -201497
 -201490
 -201482
 -201475
 -201469
 -201460
 -201454
 -201446
 -201439
 -201431
 -201424
 -201417
 -201408
 -201403
 -201394
 -201387
 -201380
 -201373
 -201366
 -201357
 -201352
 -201343
 -201337
 -201329
 -201322
 -201322
 -201315
 -201308
 -201301
 -201293
 -201287
 -201279
 -201272
 -201266
 -201258
 -201251
 -201243
 -201237
 -201229
 -201223
 -201216
 -201208
 -201202
 -201194
 -201188
 -201179
 -201173
 -201166
 -201158
 -201153
 -201145
 -201138
 -201131
 -201125
 -201117
 -201110
 -201104
 -201096
 -201093
 -201090
 -201083
 -201076
 -201069
 -201062
 -201058
 -201617
 -201607
 -201603
 -201593
 -201588
 -201577
 -201572
 -201562
 -201555
 -201556
 -201547
 -201538
 -201541
 -201533
 -201523
 -201517
 -201509
 -201501
 -201502
 -201494
 -201487
 -201480
 -201473
 -201466
 -201457
 -201452
 -201443
 -201436
 -201430
 -201422
 -201416
 -201408
 -201401
 -201393
 -201387
 -201379
 -201372
 -201366
 -201359
 -201352
 -201344
 -201339
 -201331
 -201324
 -201318
 -201310
 -201304
 -201297
 -201291
 -201284
 -201277
 -201272
 -201263
 -201258
 -201251
 -201245
 -201238
 -201232
 -201226
 -201218
 -201213
 -201207
 -201204
 -201200
 -201193
 -201187
 -201187
 -201181
 -201175
 -201171
 -201779
 -201771
 -201764
 -201757
 -201750
 -201742
 -201734
 -201735
 -201728
 -201721
 -201721
 -201714
 -201707
 -201701
 -201695
 -201679
 -201673
 -201673
 -201668
 -201661
 -201656
 -201648
 -201643
 -201636
 -201631
 -201630
 -201625
 -201619
 -201615
 -201607
 -201602
 -201597
 -201592
 -201592
 -201586
 -201580
 -201576
 -201570
 -201566
 -201561
 -201559
 -201555
 -201556
 -201551
 -201546
 -201541
 -201537
 -201533
 -201528
 -201523
 -201523
 -201522
 7492.77
 7491.99
 7495.67
 7494.03
  7498.7
 7497.16
 7499.66
 7483.44
 7481.82
 7486.25
 7484.73
 7483.29
 7489.24
 7487.75
 7492.24
 7490.74
 7495.39
 7493.75
  7498.3
 7496.46
 7502.68
 7501.25
 7499.67
 7505.69
 7504.09
 7502.69
 7508.69
 7507.19
 7511.71
  7510.2
 7514.74
 7513.22
  7517.9
 7516.09
 7520.85
 7519.51
 7524.21
 7522.37
 7520.85
 7526.84
 7525.04
 7523.96
 7529.83
 7528.35
 7531.08
 7476.65
 7475.12
 7479.74
  7478.2
 7482.82
 7481.17
  7485.9
 7484.36
 7488.97
 7487.43
 7492.25
 7490.51
 7495.11
 7493.57
 7498.12
 7496.64
 7502.76
 7501.31
 7499.71
 7505.81
 7504.21
 7502.77
 7508.88
 7507.35
 7511.92
  7510.4
 7514.98
 7513.45
 7518.18
 7516.31
 7521.05
 7519.53
 7524.08
 7522.41
 7526.74
  7525.6
 7553.48
 7555.72
 7554.22
 7558.71
 7557.22
 7561.89
 7560.07
  7564.7
 7563.21
 7569.18
 7567.72
 7566.19
 7572.17
 7570.72
 7569.17
 7575.16
 7573.66
 7572.16
 7578.13
 7576.63
 7575.16
 7581.12
 7579.62
 7582.51
 7433.09
 7431.46
 7436.29
 7434.71
 7439.69
  7437.9
 7442.86
 7441.18
 7447.61
 7446.04
 7444.25
 7448.59
 7447.64
  7460.5
 7459.23
  7463.7
 7462.04
  7467.1
  7465.3
 7470.08
  7468.4
 7473.34
  7471.5
 7476.42
 7474.84
 7479.58
    7478
 7482.94
 7481.15
 7485.82
  7484.3
 7488.91
 7487.45
  7493.7
 7492.13
 7490.58
  7496.8
 7495.13
 7493.69
  7499.9
 7498.41
 7502.99
 7501.45
 7506.07
 7504.35
 7509.14
 7507.57
 7512.19
  7510.7
 7515.24
 7513.71
 7518.28
 7516.76
 7520.88
 7519.78
 7547.09
 7549.55
 7548.01
 7552.43
 7550.91
 7555.34
 7553.76
 7558.24
 7556.79
 7561.12
 7559.68
 7563.98
 7562.43
 7566.88
 7565.31
  7571.2
 7569.75
 7568.29
 7573.88
 7572.64
 7571.07
 7576.63
 7575.57
 7574.08
 7460.99
 7463.51
 7461.96
 7466.76
 7465.06
 7469.95
 7468.36
 7473.31
 7471.62
 7476.47
  7474.7
 7481.32
 7479.66
 7478.08
  7484.7
  7482.9
 7481.59
 7487.69
 7486.02
 7484.44
 7490.84
  7489.2
 7487.65
 7493.96
  7492.4
 7490.81
 7497.11
 7495.57
  7500.2
 7498.66
 7503.42
 7501.79
 7506.37
 7504.71
 7509.42
 7507.87
 7512.45
 7510.94
 7515.47
 7513.84
 7516.45
 7424.86
 7428.87
 7426.98
    7432
 7430.09
 7437.01
 7435.14
 7433.51
 7440.22
 7438.66
 7436.55
 7443.59
 7441.97
 7439.98
 7447.11
 7445.24
 7450.57
 7448.61
 7453.62
 7451.88
 7457.11
 7455.24
 7460.06
  7458.4
 7461.11
 7485.28
 7488.04
 7486.59
 7491.17
 7489.66
 7494.45
 7492.75
  7497.4
 7495.87
 7500.54
 7498.99
 7503.75
  7501.9
 7506.64
 7505.12
 7509.22
 7507.97
 7440.06
 7443.25
 7441.57
 7446.86
 7445.05
 7450.08
 7448.32
 7453.82
 7451.72
 7456.87
 7454.96
 7460.25
 7458.35
 7463.49
 7461.92
 7468.61
 7466.97
 7465.23
 7472.02
 7470.23
 7468.58
 7475.18
 7473.29
 7471.86
 7478.44
 7476.78
 7481.65
 7479.94
 7478.26
 7484.75
 7483.13
 7485.92
 7414.35
 7418.98
 7417.05
 7415.25
 7422.38
 7420.61
 7418.49
 7426.18
 7424.07
 7422.34
 7429.62
 7427.52
 7432.99
 7431.07
 7429.37
 7436.21
 7434.51
 7439.41
 7437.93
 7439.99
 7455.45
  7454.8
  7458.9
 7457.16
 7455.45
 7462.13
  7460.8
 7465.66
 7463.98
 7469.01
 7467.17
 7472.34
 7470.58
 7475.63
 7473.97
 7479.05
 7477.25
  7482.1
 7480.51
 7485.32
 7483.71
 7488.69
  7486.9
 7491.62
 7490.05
 7494.72
 7493.16
 7499.32
  7497.9
 7496.25
 7502.35
 7500.81
  7499.3
 7505.34
 7503.83
 7502.28
 7508.28
  7506.8
 7511.19
 7509.66
 7514.09
 7512.68
 7516.85
 7515.54
 7519.94
 7518.36
 7522.56
 7521.17
 7525.45
 7523.94
 7528.07
 7526.68
 7530.76
  7529.4
 7534.81
 7533.38
 7532.16
 7537.45
 7536.11
 7534.77
 7538.16
 7537.42
 7425.49
 7429.23
 7427.06
 7432.64
 7430.73
 7436.13
 7434.41
 7439.74
 7437.98
  7443.4
 7441.57
 7446.91
 7445.02
 7452.04
 7450.27
 7448.33
 7453.38
 7451.99
 7469.62
 7468.53
 7472.94
 7470.99
 7476.08
 7474.37
 7479.21
 7477.78
 7482.51
 7480.84
 7487.32
 7485.72
 7484.14
 7488.68
 7487.11
  7493.4
 7491.87
 7490.23
  7496.6
 7494.83
 7493.35
 7499.41
 7497.91
 7496.37
 7502.32
 7500.85
 7505.22
 7503.87
 7507.95
 7506.54
  7510.9
 7509.45
 7513.98
  7512.1
 7515.54
  7514.9
 7540.08
 7539.05
 7542.67
 7541.36
 7545.22
  7543.8
 7547.88
 7546.54
 7548.97
 7403.52
  7401.7
 7407.21
 7405.22
 7403.51
 7411.09
 7409.21
 7414.61
 7412.58
 7418.21
 7416.38
 7421.84
 7420.04
 7424.79
 7423.64
 7438.23
 7437.15
 7442.08
 7440.03
 7437.84
 7445.38
  7443.4
 7441.72
 7448.88
  7447.2
 7445.32
 7452.59
 7450.62
 7448.85
 7455.91
 7454.01
 7452.32
  7459.5
  7457.6
 7462.79
 7460.77
 7466.13
  7464.2
 7469.17
 7467.58
 7516.08
 7515.09
 7518.82
 7517.96
 7400.35
 7414.17
 7413.36
 7417.87
 7416.06
 7421.77
 7419.89
 7425.53
 7423.41
 7428.98
 7427.01
 7432.52
 7430.98
 7435.86
 7434.36
 7446.33
 7449.35
 7447.67
 7453.02
 7451.42
 7456.45
 7454.73
 7460.23
 7457.95
 7463.58
 7461.42
 7466.78
 7464.88
 7469.97
 7468.02
  7473.2
 7471.55
 7478.47
 7476.63
 7474.76
 7481.36
 7479.63
 7478.01
 7484.43
 7482.72
  7480.8
 7487.44
 7485.87
 7490.47
 7488.94
  7493.6
 7491.92
  7496.1
 7494.94
 7499.31
 7497.53
 7502.02
 7500.54
 7502.85
 7507.97
 7509.56
 7508.99
 7394.03
 7398.92
 7397.19
 7395.08
  7402.8
 7400.65
 7406.79
  7404.7
 7410.42
 7408.63
 7412.19
 7423.15
 7428.72
 7433.69
 7438.85
 7437.23
 7434.52
 7442.26
  7440.4
 7438.58
  7445.6
 7443.94
 7441.95
 7446.15
  7454.5
 7457.12
 7455.43
 7462.34
  7460.9
  7458.7
 7465.66
 7463.97
 7462.23
 7468.92
 7467.27
  7465.6
 7472.13
 7470.68
 7468.84
 7475.34
 7473.61
 7478.46
 7476.86
 7481.53
    7480
  7484.7
 7483.01
 7487.62
 7486.03
 7490.48
 7489.01
 7493.32
 7491.75
 7496.01
 7494.69
 7500.23
 7498.82
 7497.35
 7502.79
 7501.35
 7500.03
 7505.25
 7503.97
 7502.71
 7392.76
 7421.49
 7420.33
 7431.94
 7430.29
 7435.67
 7433.82
 7439.22
  7437.5
 7443.07
  7441.2
 7446.59
 7444.83
 7450.38
 7448.41
 7453.49
 7451.96
    7455
 7505.35
 7504.62
 7507.87
 7506.64
 7505.09
 7510.42
 7509.03
 7507.79
 7513.06
 7511.62
 7510.25
 7515.28
 7514.04
 7512.69
 7517.69
 7516.35
 7518.15
 7398.71
 7397.09
 7402.76
 7400.56
 7416.63
 7414.65
  7420.5
 7418.41
 7424.33
 7422.26
 7428.32
 7426.05
 7429.21
 -204346
 -204342
 -204338
 -204236
 -204233
 -204233
 -204226
 -204217
 -204214
 -204204
 -204196
 -204188
 -204180
 -204171
 -204163
 -204155
 -204144
 -204137
 -204129
 -204130
 -204129
 -204341
 -204337
 -204330
 -204324
 -204318
 -204310
 -204311
 -204304
 -204297
 -204290
 -204282
 -204275
 -204267
 -204260
 -204252
 -204243
 -204218
 -204216
 -204114
 -204107
 -204100
 -204424
 -204420
 -204414
 -204407
 -204400
 -204392
 -204386
 -204379
 -204372
 -204364
 -204357
 -204350
 -204342
 -204335
 -204327
 -204320
 -204312
 -204304
 -204296
 -204297
 -204289
 -204281
 -204274
 -204266
 -204259
 -204250
 -204242
 -204234
 -204226
 -204218
 -204209
 -204201
 -204193
 -204184
 -204177
 -204177
 -204169
 -204161
 -204152
 -204143
 -204134
 -204125
 -204120
 -204502
 -204499
 -204492
 -204485
 -204477
 -204471
 -204464
 -204456
 -204449
 -204441
 -204435
 -204428
 -204420
 -204412
 -204405
 -204399
 -204390
 -204381
 -204376
 -204368
 -204360
 -204361
 -204353
 -204345
 -204338
 -204330
 -204324
 -204314
 -204307
 -204299
 -204292
 -204283
 -204275
 -204267
 -204259
 -204251
 -204243
 -204235
 -204227
 -204219
 -204211
 -204203
 -204194
 -204195
 -204187
 -204178
 -204178
 -204177
 -204581
 -204577
 -204570
 -204563
 -204556
 -204548
 -204541
 -204533
 -204527
 -204520
 -204512
 -204505
 -204498
 -204491
 -204484
 -204476
 -204469
 -204460
 -204454
 -204447
 -204440
 -204432
 -204425
 -204418
 -204410
 -204403
 -204395
 -204388
 -204380
 -204373
 -204365
 -204358
 -204351
 -204343
 -204335
 -204328
 -204321
 -204314
 -204306
 -204298
 -204290
 -204283
 -204275
 -204268
 -204266
 -204800
 -204796
 -204800
 -204789
 -204782
 -204778
 -204661
 -204656
 -204656
 -204649
 -204641
 -204634
 -204626
 -204619
 -204612
 -204605
 -204598
 -204590
 -204583
 -204576
 -204569
 -204562
 -204554
 -204548
 -204540
 -204533
 -204525
 -204519
 -204512
 -204505
 -204498
 -204490
 -204483
 -204476
 -204476
 -204469
 -204462
 -204455
 -204448
 -204442
 -204434
 -204427
 -204420
 -204414
 -204407
 -204400
 -204392
 -204386
 -204379
 -204372
 -204364
 -204358
 -204353
 -204875
 -204860
 -204850
 -204855
 -204740
 -204735
 -204728
 -204720
 -204713
 -204705
 -204705
 -204698
 -204691
 -204683
 -204676
 -204670
 -204662
 -204654
 -204647
 -204640
 -204633
 -204626
 -204619
 -204612
 -204605
 -204599
 -204592
 -204585
 -204578
 -204571
 -204565
 -204558
 -204551
 -204545
 -204545
 -204539
 -204531
 -204525
 -204519
 -204512
 -204506
 -204499
 -204493
 -204486
 -204480
 -204475
 -204467
 -204461
 -204455
 -204449
 -204443
 -204436
 -204429
 -204424
 -204418
 -204412
 -204406
 -204400
 -204400
 -204394
 -204388
 -204382
 -204376
 -204370
 -204364
 -204358
 -204352
 -204346
 -204340
 -204336
 -204819
 -204815
 -204806
 -204800
 -204791
 -204785
 -204778
 -204770
 -204770
 -204762
 -204755
 -204755
 -204748
 -204741
 -204734
 -204726
 -204720
 -204713
 -204706
 -204699
 -204692
 -204685
 -204679
 -204672
 -204666
 -204659
 -204653
 -204646
 -204640
 -204633
 -204628
 -204621
 -204615
 -204609
 -204603
 -204603
 -204598
 -204591
 -204585
 -204580
 -204574
 -204568
 -204567
 -204563
 -204556
 -204551
 -204546
 -204540
 -204535
 -204530
 -204523
 -204518
 -204513
 -204508
 -204502
 -204497
 -204492
 -204487
 -204481
 -204476
 -204471
 -204466
 -204466
 -204461
 -204456
 -204451
 -204446
 -204442
 -204977
 -204970
 -204962
 -204953
 -204947
 -204938
 -204931
 -204923
 -204916
 -204909
 -204902
 -204895
 -204888
 -204881
 -204874
 -204874
 -204867
 -204861
 -204861
 -204855
 -204849
 -204849
 -204842
 -204836
 -204830
 -204824
 -204819
 -204813
 -204807
 -204802
 -204797
 -204791
 -204786
 -204781
 -204777
 -204779
 -204776
 -204771
 -204766
 -204761
 -204756
 -204752
 -204747
 -204743
 -204739
 -204738
 -204735
 -204730
 -204730
 -204725
 -204722
 -204722
 -204718
 -204714
 -204714
 -204710
 -204706
 -204702
 -204698
 -204697
 -204695
 -204691
 -204687
 -204684
 -204680
 -204677
 -204674
 -204671
 -204667
 -204665
 29163.1
 29156.2
 29147.5
   29139
 29133.6
 29135.7
 29128.7
 29120.4
 29110.9
 29103.7
 29096.2
 29088.3
 29080.2
 29072.5
 29062.2
 29056.2
 29046.2
 29040.1
 29030.1
 29021.6
 29012.6
 29003.9
 28995.5
 28987.7
 28978.9
 28970.4
   28961
 28953.6
 28944.9
 28937.8
 28927.4
 28919.7
   28919
   28912
 29107.7
 29100.6
 29100.1
 29092.2
 29084.3
 29083.7
 29075.5
 29067.1
 29058.4
 29050.1
   29043
 29033.2
 29024.4
 29015.3
 29010.3
 28999.8
 28993.2
   28986
 28975.1
 28964.3
 28959.2
 28947.3
 28939.6
 28930.9
 28923.6
 28913.8
 28905.4
 28896.5
 28888.3
 28887.7
 28879.8
 28870.5
 28862.3
 28853.1
 28845.8
 28834.2
 29079.8
 29072.8
 29064.1
 29055.8
 29046.9
 29039.3
 29038.7
 29030.8
 29022.1
 29013.4
 29004.8
 28997.3
 28987.8
   28979
   28970
 28962.4
 28954.4
 28946.3
 28934.9
 28928.4
 28919.2
 28911.4
 28900.8
 28893.1
 28884.2
 28875.9
   28867
 28859.6
   28857
   28849
 28840.8
 28839.9
 28837.4
   28831
 28823.8
 28822.4
 28813.5
 28804.2
 28797.7
 29052.9
 29044.9
 29036.5
   29028
   29019
 29011.5
 29002.8
 28994.7
 28986.9
   28978
 28977.2
 28969.2
 28960.1
 28951.2
 28942.8
 28934.9
   28929
 28927.1
 28918.3
 28907.5
 28899.6
 28890.9
 28883.3
 28872.3
 28865.1
 28855.5
   28847
   28838
 28829.9
 28818.9
 28811.1
 28802.7
   28794
 28782.7
 28774.7
 28773.8
 28765.4
 28757.2
 28755.7
 28747.2
 28736.5
 28728.5
   28719
 29029.4
 29025.4
 29016.8
 29007.5
 29000.4
 28992.1
 28984.6
 28974.2
 28966.7
   28958
 28949.5
 28940.9
 28932.6
 28923.2
 28915.5
 28914.9
 28907.3
 28901.5
 28898.5
 28889.5
 28879.6
 28871.3
 28862.2
 28853.4
 28843.4
 28835.4
 28827.6
   28825
 28818.7
 28808.4
 28799.3
 28789.2
 28780.7
 28772.9
 28762.4
 28751.9
 28744.2
 28734.8
 28726.5
   28716
 28706.9
 28697.4
 28687.3
 29001.1
   28996
 28988.3
 28979.9
 28971.4
 28961.9
 28954.6
 28946.2
 28938.5
 28929.2
   28922
 28911.9
 28903.8
 28894.7
 28886.3
   28877
 28872.5
 28859.7
 28850.4
 28842.1
 28832.2
 28823.7
 28814.5
 28806.5
 28795.5
 28788.8
 28777.8
   28769
 28758.5
 28750.3
 28740.2
 28731.3
 28721.8
 28715.8
 28971.7
 28967.3
 28960.6
 28950.1
 28942.9
 28934.5
 28926.6
 28917.8
 28909.2
 28900.5
 28892.4
 28883.5
 28874.6
 28864.8
 28857.7
   28849
 28842.1
 28829.7
 28821.5
 28820.3
 28812.1
 28803.9
   28803
 28801.4
 28715.9
 28712.5
 28701.5
 28693.2
 28683.5
 28674.5
 28662.8
 28652.9
   28804
 28802.1
 28793.6
 28786.4
 28783.8
 28775.4
 28764.8
 28757.9
 28746.1
 28739.1
 28727.5
 28720.1
 28709.4
 28699.8
 28690.1
 28680.4
 28670.1
 28662.4
 28650.4
 28642.6
 28944.3
 28940.2
 28939.3
 28932.2
 28923.5
 28915.4
 28906.5
 28898.7
 28890.1
 28881.9
   28872
 28864.3
 28855.5
 28847.7
   28838
 28829.4
 28821.9
 28812.4
 28802.6
 28794.4
   28783
 28775.1
 28765.6
   28757
 28746.9
 28737.9
 28728.2
   28719
 28718.1
 28709.1
 28699.5
 28698.8
 28639.1
 28631.2
 28622.7
 28611.4
   28603
 28590.5
 28581.6
   28580
   28570
 28561.5
   28550
 28539.4
 28531.4
 28699.8
 28698.4
   28689
 28679.2
 28670.2
 28659.9
 28650.1
 28640.3
 28630.2
 28620.4
 28610.5
 28599.9
 28591.2
 28580.1
 28522.5
 28520.6
 28510.1
 28498.6
 28491.1
 28479.3
 28469.7
 28459.1
 28449.2
   28438
 28429.7
   28422
 28575.6
 28569.7
 28558.7
 28549.5
   28538
 28528.7
 28516.4
   28508
 28497.1
 28487.4
 28480.9
 28415.7
 28407.5
 28394.1
 28385.8
 28374.4
 28365.2
 28352.4
 28343.8
 28332.7
 28472.9
 28465.5
   28455
 28444.8
 28443.6
 28434.7
 28423.8
 28422.8
 28412.9
 28401.5
   28393
 28321.3
 28312.4
 28305.3
 28293.9
 28385.4
 28379.8
   28371
 28348.4
 28336.9
   28325
 28314.7
 28307.6
 28301.1
 28292.5
 28283.3
 28271.6
 28259.3
 28249.6
 28243.2
-24115.3
-24114.8
-24113.3
-24111.7
-24110.8
-24109.6
-24107.6
  -24107
-24105.4
-24103.7
-24102.8
-24101.4
-24099.4
-24098.7
-24097.3
-24095.5
-24094.6
-24093.2
-24091.8
-24126.7
  -24126
-24124.3
-24122.8
-24121.9
-24120.1
-24118.7
-24117.7
-24116.8
-24091.1
-24090.4
-24089.3
-24061.3
-24060.9
-24060.8
-24059.6
-24057.5
-24056.2
-24056.2
-24054.8
-24052.8
-24051.7
-24050.9
-24115.9
-24114.5
-24113.6
-24111.7
-24110.5
-24109.4
-24107.7
-24106.1
-24105.2
-24103.3
-24102.3
  -24102
-24100.9
-24098.8
-24097.8
-24097.7
-24096.6
-24094.7
-24093.7
-24093.4
-24093.1
-24068.4
  -24068
-24066.9
-24065.1
-24063.5
-24062.2
-24060.3
-24058.3
-24057.6
-24055.8
-24053.6
-24052.6
-24050.9
  -24049
-24047.8
-24046.1
-24044.3
  -24043
-24041.1
-24039.4
-24038.2
-24036.4
-24034.4
-24033.4
-24031.2
-24029.9
-24029.8
-24028.6
-24146.9
  -24146
-24144.5
-24142.8
-24141.7
  -24140
-24138.4
-24137.5
-24135.9
-24134.1
-24133.1
-24131.4
-24129.9
-24128.8
  -24127
-24125.6
-24124.5
-24122.9
-24121.2
-24120.2
-24118.3
-24116.9
-24115.9
-24113.9
-24112.6
-24111.5
-24109.4
-24108.3
-24108.2
-24107.2
-24105.1
-24103.9
-24103.8
-24102.6
-24100.6
-24099.6
-24099.2
-24074.2
-24073.6
-24072.5
-24070.5
  -24069
-24067.8
-24065.8
  -24064
-24063.1
-24061.2
-24059.8
-24058.6
-24056.5
-24055.1
-24053.8
-24051.8
-24050.4
-24050.1
-24049.1
-24047.1
-24045.7
-24045.6
-24044.3
-24042.2
-24040.9
-24040.8
-24039.5
-24037.3
-24036.3
-24034.7
-24032.4
  -24031
-24029.9
-24027.7
-24026.4
-24171.8
-24171.5
-24170.2
-24168.4
-24167.3
-24166.2
-24070.8
-24068.6
-24165.3
-24163.7
-24162.9
-24161.2
-24159.5
-24158.3
-24156.7
-24154.8
-24153.9
  -24152
-24150.4
-24149.4
-24147.6
-24145.9
-24144.8
  -24143
-24141.5
-24140.5
-24138.4
-24137.2
-24136.9
-24135.9
-24133.9
-24132.6
-24132.4
-24131.4
-24129.4
-24128.1
-24128.1
-24126.9
-24124.8
-24123.6
-24123.5
-24122.3
-24120.2
  -24119
  -24119
-24117.7
-24115.7
-24114.7
-24113.2
-24111.1
-24110.1
-24108.6
-24106.6
-24105.6
-24079.9
  -24080
-24079.3
-24078.2
-24076.2
-24074.6
-24073.6
-24071.5
  -24070
-24068.9
-24066.9
-24065.6
-24065.6
-24064.2
-24062.2
-24061.2
-24060.9
-24059.7
-24057.5
-24056.5
-24056.3
  -24055
-24052.9
-24051.9
-24050.3
-24048.2
-24047.2
-24045.6
-24043.7
-24042.3
-24040.9
  -24039
-24037.8
-24036.2
-24034.2
-24033.1
-24032.5
-24032.2
-24173.5
-24172.2
  -24171
-24169.4
-24167.6
-24166.3
-24164.6
-24162.8
-24161.7
-24159.7
-24158.1
  -24157
  -24155
-24153.5
-24152.2
-24150.2
-24148.6
-24147.6
-24145.6
-24144.1
-24142.8
-24140.8
-24139.5
-24139.4
-24138.2
-24136.2
-24134.8
-24134.7
-24133.5
-24131.3
-24130.1
-24128.8
-24126.6
-24125.4
  -24124
-24121.9
-24120.9
-24119.3
-24117.4
-24116.2
-24114.6
-24112.6
-24111.5
-24109.9
  -24108
-24106.9
-24105.2
-24103.9
-24085.8
-24084.9
-24083.9
-24081.8
-24080.5
-24080.5
-24079.3
-24077.2
-24075.9
-24075.9
-24074.6
-24072.6
-24071.4
-24071.3
-24069.9
  -24068
  -24067
-24065.4
-24063.4
-24062.4
-24060.9
  -24059
-24057.8
-24056.3
-24054.3
-24053.2
-24051.6
-24049.7
-24048.7
-24047.1
-24045.2
-24044.1
-24042.6
-24040.8
-24039.8
-24182.7
-24181.7
-24180.5
-24178.9
-24176.9
-24175.8
-24174.6
-24181.5
-24180.7
-24179.5
-24177.4
-24175.9
-24174.6
-24172.3
-24170.8
-24169.7
-24167.4
-24165.8
-24164.7
-24162.5
  -24161
-24159.7
-24157.6
-24156.2
-24156.1
-24154.8
-24152.6
-24151.3
-24151.2
-24149.9
-24147.6
-24146.4
  -24145
-24142.9
-24141.7
-24140.1
-24137.9
-24136.8
-24135.2
  -24133
-24131.8
-24130.3
-24128.3
-24127.1
-24125.5
-24123.5
-24122.3
-24120.6
-24118.8
-24117.7
-24115.7
  -24114
-24112.9
  -24111
-24109.3
-24108.1
-24106.1
-24104.6
-24103.5
-24101.4
-24099.9
-24098.8
-24096.7
-24095.2
-24094.1
-24092.1
-24090.9
-24090.8
-24089.6
-24087.5
-24086.3
  -24085
-24082.8
-24081.7
-24081.6
-24080.3
-24078.3
-24077.3
-24075.8
-24073.8
-24072.8
-24071.2
-24069.3
-24068.1
-24066.7
-24064.9
-24063.8
-24062.2
-24060.5
-24059.3
-24057.8
-24056.1
  -24055
-24053.2
-24051.7
-24050.6
-24048.8
-24047.4
-24046.1
-24045.5
-24190.5
-24189.5
-24187.4
-24185.7
-24184.5
-24182.7
-24148.8
-24148.5
-24146.6
-24144.8
-24143.5
-24141.6
-24139.6
-24138.5
-24136.5
-24134.7
-24133.6
-24131.5
-24129.8
-24128.7
-24126.6
-24125.2
-24124.9
-24123.9
-24121.7
-24120.4
  -24120
  -24119
-24116.8
-24115.6
-24115.2
-24114.1
-24111.9
-24111.1
-24110.6
-24109.2
  -24107
-24105.9
-24105.8
-24104.8
-24102.5
-24101.3
-24101.1
-24099.8
-24097.8
-24096.9
-24096.4
-24095.2
-24093.3
-24092.4
-24090.7
-24088.8
-24087.7
  -24086
-24084.3
-24083.3
-24081.5
-24079.9
-24078.9
-24077.1
-24075.4
-24074.4
-24072.5
  -24071
-24070.1
  -24068
-24066.6
-24065.7
-24063.8
-24062.4
-24061.3
-24059.6
-24058.6
-24058.1
-24057.1
-24055.4
-24054.2
-24053.9
-24052.9
-24189.9
-24189.1
-24187.9
-24185.6
-24184.2
-24182.6
-24180.4
-24179.2
-24177.7
-24175.3
-24174.4
-24173.8
-24172.4
-24170.1
-24168.9
-24168.4
-24167.1
-24164.8
-24164.1
  -24162
-24159.8
  -24159
-24156.7
-24154.8
-24153.6
-24151.7
-24149.8
-24149.3
-24129.5
-24127.7
-24126.4
  -24126
-24124.9
-24122.8
-24121.5
-24121.1
  -24120
-24117.8
-24116.8
-24116.4
  -24115
  -24113
-24111.7
-24111.6
-24110.4
-24108.2
-24107.2
-24106.9
-24105.6
-24103.6
-24102.6
  -24101
-24099.1
  -24098
-24096.3
-24094.5
-24093.4
-24091.7
  -24090
  -24089
-24087.5
-24085.7
-24084.6
-24082.9
-24081.7
-24081.3
-24080.3
-24078.5
  -24077
-24076.2
-24075.3
-24195.6
-24194.5
-24193.2
  -24191
-24168.4
-24167.1
-24166.1
  -24164
-24161.9
-24160.5
-24158.6
-24156.5
-24155.4
-24153.4
-24151.4
-24150.2
-24148.1
-24146.2
-24144.9
-24142.9
-24141.5
-24141.1
-24139.9
-24137.7
-24135.8
-24134.9
-24132.7
-24131.4
  -24131
  -24130
-24075.7
-24074.3
-24072.9
-24071.9
  -24070
-24068.6
-24067.6
  -24066
-24064.8
-24064.6
-24063.6
-24061.6
-24060.7
-24060.6
-24059.7
-24197.9
-24197.8
-24196.4
-24193.9
-24192.8
-24192.2
  -24191
-24188.4
-24187.4
-24186.8
-24185.6
-24183.2
-24181.7
-24180.2
-24177.8
-24176.3
-24174.6
-24172.2
-24171.3
-24169.6
-24154.6
  -24153
-24151.5
-24149.2
-24147.5
-24146.3
  -24144
-24142.2
-24141.2
-24138.8
-24137.1
  -24136
-24133.6
-24132.4
-24132.2
-24130.9
-24128.7
-24127.3
-24127.3
-24125.9
-24123.8
-24122.4
-24122.3
  -24121
-24118.8
-24117.6
-24116.1
  -24114
  -24113
-24111.4
-24109.3
-24108.3
-24106.8
-24104.8
-24103.7
-24102.1
-24100.3
-24099.2
-24097.7
  -24096
-24094.7
-24093.2
-24091.6
-24090.6
-24088.8
-24087.3
-24086.4
-24084.5
-24083.1
-24082.1
-24080.4
  -24079
-24078.1
-24076.4
-24075.1
  -24074
-24072.2
-24071.2
-24071.1
-24070.1
-24068.3
-24067.3
-24066.8
-24201.8
-24199.4
-24198.2
-24197.8
-24181.8
-24179.9
-24178.5
-24176.8
-24174.3
-24172.9
-24170.9
-24168.8
-24167.4
-24165.3
-24163.5
-24162.1
  -24160
-24158.1
-24156.9
-24155.7
-24144.1
-24143.7
-24142.3
  -24140
-24138.9
-24136.9
  -24135
-24133.8
  -24132
-24129.8
-24128.8
-24126.9
-24124.9
-24123.9
-24122.1
-24120.1
  -24119
-24117.3
-24115.4
-24114.4
-24112.5
-24110.9
  -24110
  -24108
-24106.4
-24105.4
-24103.6
-24102.4
  -24102
-24101.1
-24099.2
-24098.1
-24097.7
-24096.7
  -24095
-24093.8
-24093.5
-24092.7
-24090.7
-24089.9
-24089.6
-24088.5
-24086.8
-24066.2
-24185.2
  -24184
-24183.1
-24168.7
  -24167
  -24165
-24163.8
-24161.4
-24159.9
-24159.8
-24158.4
  -24156
  -24155
-24154.3
-24152.9
-24150.5
-24149.3
-24148.9
-24147.6
-24145.2
-24144.2
-24143.3
-24129.3
  -24128
-24126.3
-24125.1
-24123.2
-24122.1
-24121.7
-24120.7
-24118.6
-24117.5
-24116.9
  -24116
  -24114
-24112.3
-24111.6
-24110.5
-24086.6
-24085.8
-24085.5
-24084.5
-24082.7
-24081.7
-24080.6
-24078.9
-24078.2
-24076.8
-24075.1
-24074.2
-24073.3
  -24153
-24151.5
-24150.1
-24149.9
-24148.4
-24146.1
-24145.3
-24143.3
-24141.1
-24140.4
-24137.9
  -24136
-24135.2
  -24133
  -24131
  -24130
-24128.1
-24126.5
-24125.4
-24123.4
-24122.3
-24121.5
-24118.7
-24117.4
-24116.2
-24114.1
-24113.4
-24112.8
-24111.7
-24109.6
-24108.8
-24108.2
-24107.2
-24105.4
-24104.4
  -24104
  -24103
-24101.1
-24100.4
-24099.8
-24098.9
-24097.1
-24096.4
-24094.9
  -24093
-24092.6
  -24091
-24089.3
-24088.4
-24087.3
-24086.2
-24085.9
-24085.1
-24084.2
-24133.6
-24132.1
-24131.1
-24129.3
-24127.3
-24126.2
-24124.5
  -24123
-24121.9
  -24120
-24118.4
-24117.5
-24115.6
-24114.1
-24113.2
-24111.2
-24110.3
-24109.9
-24109.2
-24107.2
-24106.2
  -24106
-24104.9
-24103.4
-24102.3
-24102.1
-24101.1
  -24100
-24084.4
-24083.3
-24082.1
-24081.4
-24080.3
-24100.3
-24099.3
-24098.6
-24097.2
-24095.8
-24094.9
-24093.6
-24092.1
-24091.4
-24090.2
-24088.7
-24088.1
  252864
  252854
  252843
  252894
  252884
  252870
  252922
  252913
  252900
  252952
  252943
  252930
  252974
  252959
  252951
  253002
  252989
  252979
  253030
  253018
  253007
  253062
  253049
  253036
  253067
  253121
  252779
  252770
  252809
  252799
  252786
  252839
  252829
  252816
  252868
  252859
  252845
  252898
  252889
  252875
  252928
  252918
  252906
  252897
  252950
  252936
  252927
  252990
  252981
  252966
  252957
  253020
  253011
  252997
  252988
  253050
  253041
  253028
  253080
  253071
  253058
  253049
  253095
  253087
  253079
  253109
  252845
  252840
  252882
  252866
  252853
  252909
  252897
  252884
  252940
  252927
  252915
  252966
  252958
  252943
  252987
  252973
  252965
  253017
  253004
  252995
  253046
  253033
  253023
  253061
  253053
  253092
  252755
  252742
  252732
  252785
  252773
  252762
  252815
  252804
  252793
  252834
  252823
  252677
  252668
  252654
  252700
  252685
  252676
  252731
  252717
  252707
  252761
  252748
  252738
  252793
  252780
  252769
  252824
  252811
  252800
  252854
  252842
  252831
  252884
  252873
  252861
  252914
  252904
  252893
  252945
  252934
  252921
  252975
  252964
  252951
  253003
  252994
  252981
  252972
  253024
  253011
  253002
  253039
  253030
  253072
  252716
  252707
  252694
  252748
  252740
  252725
  252780
  252771
  252756
  252747
  252802
  252788
  252779
  252832
  252818
  252809
  252876
  252864
  252851
  252839
  252892
  252881
  252869
  252923
  252912
  252899
  252953
  252943
  252930
  252983
  252973
  252960
  253012
  253002
  252989
  253016
  252622
  252652
  252642
  252628
  252686
  252675
  252661
  252689
  252788
  252779
  252769
  252810
  252796
  252787
  252855
  252841
  252827
  252819
  252872
  252859
  252850
  252902
  252889
  252879
  252932
  252920
  252909
  252961
  252950
  252939
  252990
  252980
  252969
  252995
  252598
  252630
  252615
  252604
  252661
  252648
  252636
  252693
  252681
  252669
  252726
  252715
  252700
  252758
  252747
  252734
  252763
  252880
  252868
  252910
  252897
  252887
  252939
  252927
  252917
  252951
  252945
  252637
  252625
  252669
  252656
  252644
  252701
  252690
  252677
  252733
  252723
  252709
  252766
  252755
  252742
  252798
  252786
  252773
  252830
  252819
  252805
  252849
  252836
  252877
  252866
  252856
  252938
  252929
  252968
  252956
  252945
  252971
  252299
  252289
  252481
  252513
  252502
  252487
  252545
  252535
  252520
  252568
  252554
  252544
  252603
  252588
  252576
  252618
  252611
  252678
  252668
  252711
  252699
  252686
  252743
  252731
  252719
  252775
  252764
  252750
  252807
  252796
  252783
  252838
  252827
  252814
  252866
  252858
  252844
  252897
  252888
  252874
  252865
  252917
  252904
  252895
  252945
  252933
  252923
  252948
  252245
  252241
  252269
  252254
  252283
  252278
  252374
  252365
  252408
  252395
  252383
  252443
  252431
  252417
  252477
  252466
  252452
  252480
  252554
  252543
  252531
  252587
  252578
  252561
  252622
  252610
  252596
  252586
  252646
  252632
  252621
  252662
  252653
  252722
  252711
  252753
  252739
  252729
  252786
  252772
  252761
  252816
  252806
  252793
  252846
  252836
  252823
  252876
  252866
  252853
  252905
  252896
  252883
  252923
  252911
  252924
  252279
  252270
  252255
  252304
  252289
  252278
  252344
  252322
  252313
  252357
  252347
  252419
  252451
  252436
  252424
  252484
  252472
  252459
  252519
  252507
  252493
  252525
  252567
  252598
  252587
  252571
  252631
  252620
  252606
  252665
  252655
  252641
  252689
  252674
  252664
  252705
  252698
  252208
  252201
  252245
  252233
  252217
  252249
  252319
  252316
  252354
  252343
  252328
  252379
  252362
  252353
  252413
  252399
  252387
  252461
  252496
  252478
  252467
  252528
  252516
  252502
  252562
  252550
  252538
  252566
  252247
  252233
  252221
  252283
  252272
  252255
  252311
  252290
  252362
  252396
  252386
  252369
  252421
  252405
  252455
  252442
  252432
  252212
  252204
  252215
  252325
  252313
  252360
  252348
  252333
  252362
-45366.1
-45383.3
-45378.8
-45371.9
-45396.4
  -45389
-45383.8
-45399.1
-45413.2
  -45406
-45400.5
-45429.5
-45422.6
-45417.2
-45444.9
-45438.6
-45433.4
-45459.4
  -45453
  -45449
-45472.8
-45469.3
-45464.2
-45482.6
-45476.2
-45498.4
-45492.5
  -45489
-45509.9
  -45505
-45501.7
-45518.7
  -45517
-45463.7
-45480.3
-45475.1
-45467.9
-45495.9
-45490.8
-45484.1
  -45511
-45506.8
-45499.8
-45525.9
-45521.5
-45515.6
-45511.4
-45536.8
-45530.1
-45526.2
-45550.9
-45544.8
-45540.4
-45563.6
-45558.1
-45554.1
-45577.7
-45571.5
-45567.3
-45590.2
-45585.1
-45580.9
-45602.5
-45598.4
-45593.3
-45603.9
-45624.4
-45622.4
-45627.1
-45627.2
-45644.7
-45677.4
-45561.5
-45558.3
-45576.1
-45570.1
  -45565
-45590.5
-45585.8
-45579.8
-45604.7
-45599.9
  -45594
-45618.9
-45614.4
-45608.1
-45632.6
-45628.2
-45622.1
-45645.6
-45641.4
-45635.6
-45658.5
-45655.1
-45649.2
-45667.9
-45662.1
-45658.7
-45680.7
-45675.3
-45671.4
-45692.6
-45687.6
-45683.6
-45705.1
-45700.2
-45695.8
-45716.6
-45711.9
  -45708
-45719.4
-45769.4
-45765.4
-45775.3
  -45771
-45783.3
-45540.5
-45554.1
-45548.6
-45543.9
-45567.8
-45563.3
-45557.7
-45570.6
-45581.5
-45576.9
-45572.2
-45595.3
-45590.8
-45584.9
  -45609
-45604.7
  -45599
-45622.3
-45618.2
-45612.1
-45635.6
-45632.2
-45625.7
-45648.9
-45645.4
-45639.3
-45635.8
-45658.9
-45652.6
  -45649
-45672.2
-45666.3
-45662.3
-45685.5
-45679.5
-45675.3
-45698.5
-45693.1
-45688.5
-45711.1
-45706.1
-45701.7
-45724.1
-45719.4
-45714.7
-45736.9
-45732.6
-45727.3
-45749.9
-45745.8
  -45740
-45762.5
-45758.4
-45752.9
-45774.7
-45771.4
-45765.4
  -45787
-45783.7
-45778.1
-45774.8
-45796.2
-45790.3
-45787.1
-45810.9
-45808.4
  -45803
-45799.4
-45811.4
-45811.1
-45858.3
-45855.8
-45868.6
-45859.1
-45870.4
  -45691
-45686.1
-45683.2
-45702.3
-45697.6
-45693.6
-45713.5
-45708.9
-45705.1
  -45725
  -45721
-45716.5
-45736.6
-45732.6
-45727.8
-45748.4
-45744.4
-45739.3
-45759.8
-45756.4
-45751.1
-45771.6
-45768.4
-45762.9
-45780.2
-45774.8
-45771.7
-45792.3
-45786.6
-45783.5
-45804.4
  -45799
-45795.4
-45816.6
-45811.4
-45807.2
-45828.8
-45823.7
-45819.9
-45840.9
  -45836
-45831.8
-45853.4
-45849.1
-45844.3
-45866.1
-45861.6
-45856.5
-45878.6
-45874.3
-45868.9
-45891.2
-45887.2
-45881.6
-45900.4
-45894.5
-45969.4
-45966.7
-45978.3
-45973.1
-45969.5
-45985.9
-45657.2
-45668.4
-45663.2
-45660.1
-45679.3
-45674.6
-45670.9
-45683.1
-45682.2
-45802.3
-45800.2
-45796.2
-45811.6
-45809.2
-45804.5
-45820.5
-45818.2
-45814.5
-45827.8
-45823.6
-45821.4
-45839.9
-45837.7
-45833.2
-45830.7
-45847.7
-45843.5
-45840.2
-45857.8
-45853.3
  -45850
-45867.7
  -45864
-45859.8
  -45879
-45874.5
  -45871
-45889.8
-45886.3
-45881.4
-45900.7
-45897.8
-45892.4
-45912.2
  -45909
-45903.8
-45900.7
-45920.9
-45915.2
-45912.2
-45932.9
-45927.5
-45923.6
-45945.1
-45939.9
-45935.7
-45957.8
-45952.9
-45948.6
-45970.4
-45965.6
-45960.9
-45983.6
  -45979
  -45974
-45992.4
-45986.9
-46056.7
-46068.3
-46063.5
-46057.9
-46078.1
-46069.5
-46068.1
-46087.1
-45776.2
-45773.3
-45785.2
-45781.5
-45778.7
-45793.5
-45791.4
-45787.5
-45794.9
-46152.9
-46170.9
-46159.5
-46158.1
  -46171
-46256.4
-46256.4
-46172.5
-46169.9
-46167.4
-46180.6
-46177.3
  -46174
-46189.3
-46186.3
-46182.4
-46199.4
-46195.7
-46191.5
-46188.6
-46210.1
-46206.4
-46201.7
-46198.5
-46221.3
-46217.8
-46212.3
-46208.6
-46229.9
-46224.6
-46220.2
-46243.4
-46237.3
-46232.7
-46257.2
-46251.3
-46246.3
-46272.8
-46265.6
  -46260
-46277.4
  -46275
   11781
 11780.1
 11778.6
 11777.7
 11776.4
 11774.7
 11773.8
 11772.3
 11771.1
   11770
 11768.3
 11767.2
 11767.1
 11765.9
 11764.5
 11763.4
 11761.8
 11760.7
 11760.7
 11759.6
 11757.9
 11756.8
 11755.5
 11754.1
 11753.2
 11752.1
 11731.2
 11729.7
 11728.7
 11727.4
 11726.3
 11772.2
 11770.7
 11769.8
 11768.3
 11767.2
 11766.1
 11764.6
 11763.5
 11763.5
 11762.4
 11760.7
 11759.9
 11758.6
 11757.2
 11756.1
 11754.7
 11753.4
 11752.5
 11750.9
 11749.8
 11749.7
 11748.7
 11747.1
 11746.1
 11745.2
   11724
 11723.2
 11722.2
   11722
 11720.8
 11719.3
 11718.2
 11716.9
 11715.5
 11714.6
 11713.1
 11711.9
 11710.6
 11709.3
 11708.2
 11706.5
 11705.4
 11705.4
 11704.3
 11702.6
 11701.6
 11700.5
 11698.8
 11697.8
 11696.3
 11695.1
 11694.1
 11692.4
 11691.3
 11691.2
 11690.1
 11688.4
 11764.2
 11762.9
 11762.1
 11760.5
 11759.4
 11758.5
 11756.9
 11756.1
 11754.9
 11753.3
 11752.5
 11751.2
 11749.8
 11748.9
 11747.4
 11746.3
 11746.3
 11745.3
 11743.7
 11742.8
 11741.6
   11740
 11739.1
 11738.3
 11719.8
 11719.1
 11719.1
   11718
 11716.3
 11715.5
 11714.1
 11712.5
 11711.6
 11710.1
 11708.7
 11707.8
 11706.1
 11705.2
   11705
 11703.8
 11702.3
 11701.3
 11699.8
 11698.4
 11697.4
 11695.8
 11694.6
 11694.4
 11693.4
 11691.7
 11690.8
 11689.4
 11687.8
 11686.8
 11685.3
 11683.8
 11682.9
 11681.1
   11680
 11679.7
 11678.8
 11713.3
 11712.6
 11712.2
 11711.2
 11709.6
 11708.7
 11707.3
 11705.9
 11704.9
 11703.2
   11702
 11700.9
 11699.3
 11698.3
 11698.1
 11697.2
 11695.3
 11694.3
   11693
 11691.5
 11690.8
 11689.7
 11756.3
 11755.1
 11754.2
 11752.7
 11751.8
 11751.5
 11750.8
 11749.4
 11748.5
 11747.3
 11745.7
   11745
 11743.8
 11742.4
 11741.5
 11740.3
 11739.1
 11738.9
 11738.1
 11736.5
 11735.6
 11734.5
 11733.1
 11732.1
 11731.5
   11690
 11689.2
 11687.1
 11686.2
 11684.7
 11683.6
 11682.2
 11680.5
 11679.4
 11677.9
 11675.7
 11673.9
 11737.2
 11736.2
 11735.3
   11735
 11734.2
 11732.8
   11732
 11730.8
 11729.4
 11728.6
 11727.2
 11726.1
 11725.2
 11723.8
 11722.7
 11722.7
 11721.8
   11720
 11719.3
 11719.1
   11718
 11716.5
 11715.7
 11714.3
 11712.8
 11712.1
 11710.6
 11709.6
 11708.3
 11706.7
 11705.9
 11704.4
 11702.9
 11702.2
 11700.3
 11699.1
 11698.2
 11696.5
 11695.6
 11695.1
 11694.4
 11692.5
 11691.6
 11690.1
 11688.5
 11687.7
   11686
 11684.7
 11683.8
 11682.1
 11679.1
 11677.7
   11677
 11674.9
 11673.2
 11672.4
 11670.5
 11669.5
 11668.3
 11666.4
   11749
 11748.1
 11747.3
 11747.1
 11746.3
 11744.9
 11744.1
   11743
 11741.8
 11740.9
 11739.6
 11738.4
 11737.8
 11737.1
   11705
 11703.8
 11702.9
 11701.4
 11700.3
 11699.2
 11697.6
 11696.5
 11696.4
 11695.4
 11693.7
 11692.8
 11691.5
 11689.8
   11689
 11687.7
 11734.9
 11734.1
 11733.3
 11731.9
 11731.1
   11731
 11730.1
 11728.8
 11727.9
 11726.9
 11725.7
 11724.9
 11723.5
 11722.4
 11721.6
 11720.1
 11719.2
 11718.1
 11716.8
 11715.9
 11714.7
 11713.3
 11712.6
   11711
 11709.8
   11709
 11707.4
 11706.4
 11705.4
 11689.1
 11688.6
 11687.3
   11686
   11685
 11683.2
   11682
   11682
 11680.8
   11679
 11677.9
 11676.4
 11674.9
 11673.9
 11672.2
 11670.9
 11670.7
 11669.7
 11667.7
 11666.8
 11666.5
 11665.3
 11663.4
 11662.4
 11660.6
 11658.9
   11658
 11656.1
 11654.6
 11653.6
 11651.5
 11740.9
 11740.2
 11739.4
 11738.4
 11737.2
 11736.3
 11735.6
 11713.8
 11712.7
   11712
 11711.8
   11711
 11709.6
 11708.8
 11707.6
 11706.4
 11705.4
 11704.1
 11703.1
 11702.8
   11702
 11700.5
 11699.6
 11699.4
 11698.4
 11696.9
 11696.1
 11694.5
 11693.2
 11692.4
 11690.8
 11689.7
 11689.4
 11688.6
 11686.9
 11685.9
 11685.6
 11684.4
 11682.8
 11682.2
 11680.5
 11678.9
   11678
 11676.4
   11675
 11673.7
   11672
 11671.1
 11670.6
 11669.7
 11667.7
 11666.9
   11665
 11663.8
 11663.6
 11662.5
 11729.9
 11729.2
 11728.5
 11727.3
 11726.5
 11726.3
 11725.6
 11724.3
 11723.6
 11723.4
 11722.6
 11721.2
 11720.5
 11719.4
 11718.1
 11717.5
 11716.1
 11715.3
   11715
 11714.3
 11713.2
 11661.8
 11660.5
 11659.5
 11658.9
 11657.9
   11656
 11655.1
 11654.6
 11653.3
 11651.7
 11732.9
   11732
 11731.3
 11730.4
 11711.2
   11711
 11710.8
 11710.1
 11709.1
 11706.8
 11704.8
 11704.5
 11703.7
 11702.3
 11701.6
 11700.4
 11699.3
 11698.3
   11697
   11696
 11694.9
 11693.8
 11692.8
 11691.2
 11689.8
 11689.1
 11687.7
 11686.6
 11686.4
 11685.5
 11683.9
 11682.8
 11676.9
   11676
 11668.4
 11666.8
 11657.7
 11657.1
 11656.4
 11722.9
 11722.1
 11721.1
 11720.4
 11719.3
 11718.3
 11717.7
 11716.6
 11715.8
 11714.8
 11713.6
   11713
   11712
 11710.9
 11692.5
 11691.4
   11690
 11689.2
 11687.9
 11686.8
   11686
 11684.5
 11683.4
 11683.3
 11682.4
 11680.7
 11679.9
 11678.6
   11677
 11676.2
 11674.6
 11673.2
 11672.3
 11670.5
 11669.5
 11669.2
 11668.2
 11666.4
 11665.5
 11664.1
 11662.2
 11661.3
 11659.5
 11658.2
 11657.2
 11724.5
 11723.8
 11723.3
 11722.8
 11706.9
 11706.3
 11706.3
 11705.4
 11704.3
 11703.6
 11702.6
 11701.4
 11700.7
 11699.6
 11698.5
 11697.8
 11696.4
 11695.6
 11695.4
 11694.6
 11693.3
 11692.5
 11691.9
 11657.9
 11656.9
   11655
 11653.9
 11653.4
 11652.3
 11650.7
 11649.5
 11647.8
   11646
 11645.1
 11642.8
 11641.6
 11641.2
 11640.2
 11638.1
   11711
 11710.8
 11709.7
 11708.8
 11708.3
 11707.4
 -241252
 -241244
 -241275
 -241267
 -241258
 -241297
 -241291
 -241281
 -241302
 -241296
 -241113
 -241105
 -241100
 -241129
 -241119
 -241112
 -241153
 -241144
 -241135
 -241176
 -241169
 -241157
 -241193
 -241181
 -241213
 -241205
 -241198
 -241229
 -241218
 -241239
 -241234
 -241096
 -241118
 -241109
 -241101
 -241143
 -241135
 -241124
 -241160
 -241148
 -241181
 -241173
 -241166
 -241205
 -241198
 -241187
 -241201
 -241247
 -241237
 -241227
 -241270
 -241262
 -241253
 -241294
 -241287
 -241276
 -241310
 -241300
 -241334
 -241324
 -241316
 -241357
 -241349
 -241340
 -241362
 -241125
 -241149
 -241138
 -241131
 -241172
 -241163
 -241154
 -241196
 -241189
 -241179
 -241214
 -241202
 -241237
 -241228
 -241219
 -241262
 -241254
 -241241
 -241278
 -241267
 -241302
 -241292
 -241285
 -241326
 -241318
 -241308
 -241350
 -241342
 -241332
 -241367
 -241357
 -241349
 -241391
 -241381
 -241373
 -241406
 -241397
 -241160
 -241153
 -241178
 -241167
 -241202
 -241192
 -241184
 -241227
 -241218
 -241208
 -241244
 -241232
 -241267
 -241257
 -241250
 -241293
 -241283
 -241272
 -241316
 -241309
 -241299
 -241334
 -241323
 -241316
 -241358
 -241349
 -241340
 -241384
 -241375
 -241365
 -241401
 -241389
 -241426
 -241415
 -241407
 -241450
 -241441
 -241432
 -241467
 -241456
 -241190
 -241183
 -241215
 -241208
 -241197
 -241232
 -241222
 -241214
 -241257
 -241247
 -241239
 -241281
 -241274
 -241263
 -241298
 -241288
 -241323
 -241313
 -241302
 -241349
 -241340
 -241330
 -241366
 -241355
 -241391
 -241381
 -241373
 -241417
 -241406
 -241398
 -241442
 -241434
 -241422
 -241459
 -241449
 -241486
 -241474
 -241466
 -241511
 -241503
 -241492
 -241517
 -241221
 -241211
 -241246
 -241237
 -241226
 -241262
 -241252
 -241288
 -241277
 -241268
 -241312
 -241303
 -241294
 -241337
 -241329
 -241319
 -241356
 -241344
 -241336
 -241379
 -241371
 -241362
 -241382
 -241382
 -241405
 -241398
 -241387
 -241424
 -241412
 -241450
 -241439
 -241430
 -241476
 -241466
 -241457
 -241502
 -241494
 -241483
 -241522
 -241509
 -241501
 -241547
 -241537
 -241527
 -241562
 -241555
 -241238
 -241251
 -241240
 -241275
 -241266
 -241257
 -241300
 -241293
 -241281
 -241317
 -241307
 -241299
 -241343
 -241334
 -241324
 -241368
 -241359
 -241349
 -241386
 -241375
 -241413
 -241402
 -241392
 -241438
 -241429
 -241419
 -241465
 -241457
 -241445
 -241483
 -241472
 -241464
 -241498
 -241491
 -241267
 -241281
 -241270
 -241305
 -241295
 -241288
 -241330
 -241322
 -241311
 -241348
 -241337
 -241373
 -241363
 -241354
 -241510
 -241504
 -241538
 -241528
 -241517
 -241565
 -241557
 -241544
 -241583
 -241572
 -241564
 -241611
 -241600
 -241592
 -241638
 -241630
 -241617
 -241658
 -241646
 -241674
 -241666
 -241376
 -241399
 -241390
 -241381
 -241426
 -241418
 -241407
 -241445
 -241433
 -241425
 -241472
 -241460
 -241452
 -241499
 -241490
 -241477
 -241518
 -241506
 -241545
 -241534
 -241525
 -241573
 -241562
 -241553
 -241576
 -241686
 -241681
 -241713
 -241704
 -241693
 -241741
 -241732
 -241721
 -241757
 -241747
 -241740
 -241789
 -241777
 -241769
 -241818
 -241807
 -241797
 -241824
 -241296
 -241320
 -241313
 -241303
 -241337
 -241327
 -241320
 -241363
 -241354
 -241343
 -241388
 -241380
 -241369
 -241406
 -241395
 -241433
 -241421
 -241413
 -241460
 -241450
 -241440
 -241487
 -241478
 -241467
 -241488
 -241486
 -241601
 -241592
 -241581
 -241621
 -241608
 -241650
 -241637
 -241629
 -241677
 -241667
 -241656
 -241706
 -241697
 -241686
 -241711
 -241837
 -241830
 -241853
 -241845
 -241506
 -241494
 -241534
 -241523
 -241514
 -241563
 -241553
 -241540
 -241582
 -241569
 -241609
 -241598
 -241589
 -241628
 -241618
 -241727
 -241718
 -241755
 -241743
 -241734
 -241785
 -241775
 -241764
 -241813
 -241803
 -241792
 -241833
 -241820
 -241812
 -241396
 -241390
 -241422
 -241411
 -241402
 -241447
 -241438
 -241426
 -241467
 -241452
 -241446
 -241494
 -241483
 -241471
 -241508
 -241501
 -241639
 -241635
 -241669
 -241659
 -241646
 -241689
 -241676
 -241718
 -241705
 -241697
 -241747
 -241737
 -241727
 -241838
 -241862
 -241852
 -241841
 -241893
 -241882
 -241871
 -241897
 -241751
 -241779
 -241769
 -241756
 -241799
 -241786
 -241830
 -241815
 -241807
 -241845
 -241836
 -241860
 -241854
 -241891
 -241879
 -241867
 -241892
-12676.4
  -12686
-12694.9
-12650.7
-12658.4
-12669.9
-12631.1
-12642.6
-12650.3
-12605.7
-12612.7
-12624.2
-12602.8
-12752.4
-12761.1
-12770.6
-12727.1
-12734.6
-12746.3
-12708.4
-12719.3
  -12727
-12681.6
-12691.8
-12701.3
-12657.8
-12667.6
-12676.9
-12639.6
-12649.2
-12606.9
-12614.5
-12622.8
-12631.3
-12588.4
-12598.8
-12606.8
-12563.4
-12571.6
-12581.2
  -12545
-12556.5
-12532.9
  -12538
-12829.5
-12839.4
  -12848
-12803.9
-12811.6
-12823.2
-12785.5
-12796.8
-12759.6
-12770.4
-12779.1
-12734.7
-12743.4
-12753.4
-12716.5
  -12728
-12692.8
-12702.7
-12710.8
-12668.3
  -12677
-12686.2
-12644.7
-12651.8
-12661.7
-12627.3
-12638.2
-12644.5
-12603.6
-12613.5
-12621.5
-12581.2
-12588.6
-12597.5
-12557.9
-12564.9
-12574.9
-12540.8
-12551.3
-12557.7
-12518.8
-12526.8
-12535.3
-12495.7
-12503.9
-12511.7
-12479.9
-12489.6
  -12496
-12470.7
-12474.5
-12927.9
  -12906
-12917.2
-12927.1
-12881.3
-12890.1
-12899.5
-12855.6
-12863.1
-12874.3
-12837.1
-12847.8
-12855.6
-12813.1
  -12822
-12831.1
-12789.5
-12795.9
-12806.5
-12772.3
-12782.8
-12789.9
  -12749
-12758.8
-12766.7
-12727.6
-12734.7
-12743.3
  -12705
-12711.7
-12721.4
-12688.9
-12698.5
  -12705
-12671.1
-12676.6
-12683.6
-13002.5
-13006.5
  -12983
-12995.3
-13002.7
-12957.2
-12968.2
-12977.1
-12932.3
-12940.7
-12950.8
-12920.4
-12926.7
  -12668
  -12671
-12646.4
-12653.6
-12662.6
-12626.5
-12631.1
-12641.2
-12611.8
-12620.2
-12626.8
-12591.2
-12598.9
-12605.9
-12571.6
-12577.3
-12586.7
-12567.3
-12571.5
-13007.1
-12908.6
-12915.3
-12923.8
-12891.8
-12901.7
-12908.8
-12868.5
  -12877
-12885.6
-12846.6
-12852.9
-12862.5
-12830.5
-12840.2
-12846.6
-12809.3
-12818.3
-12825.6
-12789.6
-12795.6
-12804.1
-12769.4
-12775.3
-12784.2
-12755.9
-12763.1
-12769.4
-12736.2
-12743.1
-12750.4
-12717.5
-12723.7
-12731.4
-12706.7
  -12713
-12986.9
-12993.9
-13004.2
-12970.4
-12980.5
-12947.9
-12957.6
-12964.2
-12927.6
-12933.9
-12942.5
  -12907
-12913.2
-12921.5
-12892.5
-12901.3
-12907.1
-12874.1
-12881.3
  -12888
-12703.2
-12687.3
-12694.6
-12700.3
-12669.7
-12676.1
-12682.2
-12660.1
-12665.4
-13154.7
-13130.5
-13139.2
-13149.4
-13117.6
-13124.6
-12872.1
-12855.5
-12861.9
-12868.9
-12838.5
-12843.9
  -12851
-12826.7
-12833.2
-12838.5
-12809.8
-12815.9
  -12822
-12793.9
-12799.3
  -12806
-12783.3
-12790.7
  -12778
-12779.4
-12768.3
-12774.8
-12754.2
-12759.6
-12764.7
-12740.6
-12744.7
-12750.5
-12737.6
-13164.3
-13145.3
-13152.8
-13162.4
-13124.4
-13130.7
-13140.6
-13109.9
-13118.4
-13124.8
-13090.6
-13099.3
-13104.9
-13073.6
-13079.1
-13086.7
-13062.9
-13068.9
-13061.1
