   0.0881137
   0.0603706
    0.087369
   0.0927908
    0.102857
   0.0728412
   0.0839291
   0.0900875
   0.0748393
   0.0960758
   0.0956373
   0.0816716
   0.0889802
   0.0429047
   0.0495845
   0.0219436
 -0.00560041
 -0.00199008
   0.0015457
  0.00313051
 -0.00151891
   0.0285289
 -0.00998026
 -0.00540213
 -0.00972265
   0.0304167
  -0.0176449
   0.0964297
   0.0713022
    0.117565
    0.113031
    0.128953
    0.112156
    0.105023
    0.106618
   0.0852303
   0.0791899
   0.0866261
   0.0813376
   0.0866225
    0.080022
   0.0710465
   0.0823358
   0.0779528
   0.0884945
   0.0846925
   0.0865023
   0.0798533
   0.0687588
   0.0315594
   0.0392875
   0.0312152
  0.00777247
  -0.0851362
   0.0108026
   0.0106199
   0.0107359
   0.0137078
  0.00496882
   0.0067485
 0.000177355
  -0.0119054
  0.00747506
  0.00144917
  0.00273896
 6.03422e-05
  0.00665672
-0.000406558
-0.000812421
  -0.0130586
  0.00288719
 -0.00337383
   0.0164119
  0.00360238
  0.00951445
-0.000229537
    0.015725
  -0.0137314
 -0.00152226
 -0.00886078
  0.00878568
 0.000209547
   0.0204158
  0.00489801
    0.116938
    0.086932
 -0.00883353
    0.126261
  -0.0389837
    0.128702
    0.120136
     0.12816
    0.124051
    0.107465
    0.111498
    0.101036
   0.0887075
   0.0966911
 0.000279286
  -0.0815719
   0.0102327
  0.00150442
  0.00243438
  0.00541012
 -0.00423673
 -0.00387348
 -0.00818765
-0.000123327
  -0.0124948
 -0.00368606
 -0.00826203
 -0.00507519
 -0.00741403
 -0.00815618
 -0.00272457
  -0.0145981
  0.00746289
  -0.0100916
 -0.00562674
 -0.00957243
 0.000162984
  -0.0375369
-0.000583148
 -0.00871421
  0.00242794
  0.00354778
  0.00150332
  0.00354006
  0.00169108
   0.0143245
  0.00419707
  0.00309876
 -0.00514026
  0.00166472
 -0.00471465
  0.00086531
  0.00401558
  -0.0131008
 -0.00908672
  -0.0416427
  0.00348385
  -0.0237603
 -0.00551443
 -0.00567366
  0.00123908
 -0.00889326
  -0.0033787
 -0.00146601
  -0.0195251
  -0.0174797
  -0.0100526
  -0.0358896
 -0.00286114
  -0.0108117
  0.00786135
  -0.0128685
  -0.0111838
 -0.00881106
  -0.0349712
  -0.0179902
  -0.0336092
  0.00418217
  -0.0345982
  -0.0241621
   -0.077552
  -0.0176804
  -0.0348618
 -0.00988937
  -0.0257462
  0.00472946
  -0.0144786
  -0.0191024
  -0.0796216
 -0.00521242
  -0.0390625
  -0.0172411
  -0.0555532
  0.00685307
  -0.0708769
   -0.052574
   -0.110243
  -0.0313023
  -0.0737143
  -0.0906863
  0.00100422
 -0.00283569
  0.00876992
 -0.00741336
 -0.00547943
  -0.0179917
  0.00318789
  -0.0266693
   0.0122297
 -0.00112111
   0.0173953
  0.00880518
   0.0125883
 -0.00189488
  0.00211596
  0.00789647
   0.0122857
-4.64832e-05
   0.0199316
 -0.00657705
-0.000889242
  -0.0106106
  0.00458729
  -0.0117583
   0.0142863
 -0.00241845
   0.0182209
 -0.00711421
 -0.00766675
  -0.0119241
   -0.019259
  -0.0362287
-1.94393e-05
  -0.0194101
   0.0189039
   -0.010385
   -0.013992
  -0.0374857
  0.00413733
  -0.0281959
   0.0124441
  -0.0127902
   0.0236441
 -0.00918286
 -0.00336182
  -0.0157446
  -0.0126939
   -0.053952
   0.0114491
  -0.0613011
  -0.0352153
   -0.139232
   -0.052481
   -0.119907
  0.00462069
  -0.0196459
   -0.155025
 -0.00603128
   -0.026644
 -0.00287275
  -0.0184677
  -0.0166147
   0.0263688
   0.0194427
    0.014999
   0.0185366
  0.00410673
   0.0218623
   0.0217048
   0.0303299
   0.0183363
    0.023421
   0.0266699
   0.0184821
   0.0237294
   0.0139489
   0.0136432
   0.0179436
   0.0144817
   0.0288009
   0.0174825
   0.0315663
   0.0297779
   0.0231457
   0.0219751
   0.0246798
   0.0171887
  0.00701783
   0.0256672
    0.012916
   0.0174022
   0.0227383
   0.0236918
   0.0250598
   0.0133437
   0.0275681
   0.0200897
   0.0453878
   0.0220487
   0.0289941
   0.0243046
   0.0118414
   0.0280526
  -0.0840603
  -0.0246772
  -0.0744223
  -0.0971906
  0.00396171
  -0.0288753
  -0.0203982
 -0.00310028
   0.0161483
  0.00912441
    0.021606
   0.0139628
   0.0260455
   0.0155253
    0.014144
   0.0153123
   0.0135593
   0.0137504
   0.0146387
   0.0127371
   0.0259868
 -0.00919447
  -0.0214827
 -0.00949068
  -0.0190184
   0.0179407
-0.000889367
  0.00550217
 -0.00549407
 -0.00745235
    -0.01289
  -0.0250816
  0.00180355
  -0.0369493
  -0.0224578
  -0.0608818
  -0.0106992
  -0.0286762
 -0.00153337
 -0.00973342
  0.00489445
  -0.0209999
  -0.0221187
   -0.059396
  -0.0265767
  -0.0671827
  -0.0370061
  -0.0682275
 -0.00199417
  -0.0332401
  -0.0117088
  -0.0601338
  -0.0178439
  -0.0315922
 -0.00177681
  -0.0396956
   0.0181683
  -0.0426986
 -0.00421683
   0.0289049
   0.0207054
   0.0274009
    0.018593
    0.023901
  -0.0217446
   0.0125506
   -0.027697
   -0.012613
  -0.0191927
 0.000707853
  -0.0152493
  -0.0156659
  -0.0291883
  -0.0226295
  -0.0284264
  -0.0574217
  -0.0168766
  -0.0424173
  -0.0400536
 9.66712e-05
   0.0233337
 0.000674002
  0.00687585
  0.00239106
  0.00500941
  0.00100337
 -0.00503901
-0.000988374
   0.0168387
   -0.011703
  -0.0418242
 -0.00238219
  -0.0203048
 -0.00125567
  -0.0172198
  -0.0225784
  -0.0209421
  -0.0475156
  -0.0138185
  -0.0291057
-0.000384321
   -0.022263
   -0.037764
  0.00364894
  -0.0482391
  -0.0165312
  -0.0151465
  0.00369478
  0.00253336
   0.0258256
 -0.00095919
   -0.004923
 -0.00203658
  -0.0126679
  -0.0211576
  -0.0171093
   -0.026338
  -0.0400733
  -0.0206734
  -0.0453845
 -0.00431045
  -0.0189737
 -0.00589371
  -0.0349777
  -0.0486844
  -0.0878032
  -0.0579192
   -0.103152
  -0.0342011
  -0.0471599
   0.0124757
  -0.0278867
   0.0350338
  -0.0175984
  -0.0262394
  -0.0680789
  -0.0257392
  -0.0641356
   0.0193392
  -0.0564042
  -0.0526533
  -0.0301325
  -0.0827374
  -0.0216195
  -0.0656802
   0.0117345
  -0.0523134
  -0.0555533
  -0.0948062
   -0.100354
  0.00790135
  0.00693431
-0.000525192
   0.0072002
  0.00368179
  0.00573508
  0.00741477
  0.00126165
 -0.00959275
-0.000913309
-0.000612598
  0.00270099
 -0.00344245
   -0.021314
 -0.00771444
  -0.0323856
 -0.00179899
  -0.0312295
  -0.0297382
  -0.0321038
 0.000269455
  -0.0171625
  -0.0175556
  -0.0322207
   0.0237901
  -0.0270545
  -0.0214671
 -0.00873668
  0.00149938
  -0.0421009
  0.00718837
  -0.0372759
  -0.0341669
  -0.0840691
  -0.0220409
  -0.0439937
 -0.00156703
  -0.0381067
  -0.0303445
  -0.0231071
   -0.082185
    0.034281
  -0.0407373
   0.0362088
   0.0354953
    0.045927
   0.0424715
   0.0383243
   0.0273393
   0.0256465
   0.0346627
   0.0344214
   0.0274054
   0.0186943
   0.0330683
   0.0409274
   0.0320297
   0.0388329
   0.0322967
   0.0429521
   0.0254327
    0.024617
   -0.015024
     0.04196
   0.0295144
   0.0420754
   0.0311625
   0.0403613
    0.031842
   0.0395133
   0.0393245
   0.0258328
 7.01344e-05
  -0.0160332
  -0.0348576
  -0.0385762
  -0.0945588
  -0.0315619
  -0.0526372
  -0.0247965
  -0.0729071
  -0.0614051
   0.0010693
  -0.0018292
   0.0106293
 0.000359029
  0.00610295
    0.011482
  0.00159159
  0.00799847
  0.00575349
   0.0106434
  0.00476904
  0.00641932
  -0.0358376
  -0.0273837
  -0.0650512
  -0.0194444
  -0.0524786
  -0.0133977
  -0.0405745
  -0.0210206
  -0.0937107
  -0.0299947
  -0.0320722
  -0.0630655
  -0.0389116
  -0.0107985
  -0.0231939
  -0.0159554
  -0.0560865
  -0.0119926
  -0.0533418
  -0.0227559
  -0.0566546
  -0.0190271
  -0.0347808
   0.0475979
   0.0337342
   0.0247614
   0.0239908
   0.0273714
   0.0123352
   0.0266294
   0.0226008
   0.0368294
   0.0260973
   0.0225656
   0.0305304
  0.00818707
   0.0312412
   0.0444851
   0.0373091
     0.04866
   0.0363066
   0.0285635
   0.0393062
   0.0245457
   0.0295948
   0.0225005
   0.0110889
  -0.0017577
  -0.0131093
  -0.0346333
  -0.0444082
  -0.0382974
  -0.0499451
  -0.0128964
  -0.0466948
  -0.0222459
  -0.0329249
  -0.0437657
  -0.0656479
  -0.0415369
  -0.0230865
  -0.0838025
  -0.0164309
  -0.0464235
 0.000930382
  -0.0459241
  -0.0499173
  -0.0836131
   0.0481191
   0.0241327
   0.0168372
   0.0286879
   0.0210004
   0.0491017
   0.0269804
   0.0302091
   0.0280996
   0.0326417
   0.0233199
   0.0115447
   0.0130747
 -0.00393239
  -0.0193559
  -0.0438331
  -0.0350853
  -0.0495136
  -0.0536195
   0.0204347
   0.0200409
   0.0143061
   0.0246746
   0.0164886
   0.0331196
   0.0251845
   0.0290191
   0.0100173
   0.0208316
   0.0422967
   0.0267353
   0.0204722
   0.0226863
  -0.0653957
  -0.0775545
  -0.0557726
  -0.0470523
  -0.0391756
  -0.0430632
  -0.0451862
  -0.0425244
  -0.0534591
  -0.0423949
  -0.0700581
   -0.037762
  -0.0457943
  -0.0274838
   -0.043434
  -0.0495965
  -0.0449977
  -0.0536146
   -0.049512
  -0.0597828
   -0.031031
  -0.0521981
  -0.0710084
  -0.0422066
  -0.0420177
   0.0105493
   0.0164845
     0.03606
  -0.0111269
  -0.0923747
   -0.125493
   0.0227545
   0.0157855
   0.0147485
   0.0142543
   0.0112054
   0.0117162
   0.0126317
  0.00603795
   0.0169227
  -0.0138854
   0.0138209
  0.00836343
     0.01616
  0.00763039
   0.0137247
  0.00925813
-0.000863408
  -0.0110533
 3.33518e-05
 -0.00675246
  -0.0514823
  -0.0768233
  -0.0848862
  -0.0980767
  -0.0999462
   -0.100495
  -0.0964262
  -0.0969888
   -0.105498
  -0.0738619
   -0.073432
  -0.0560994
  -0.0685546
  -0.0879915
  -0.0559448
  -0.0648538
  -0.0707518
  -0.0570752
  -0.0725087
  -0.0594972
  -0.0680419
  -0.0462984
  -0.0655094
  -0.0764488
  -0.0427574
  -0.0818634
   0.0118991
    0.134496
   0.0313858
   0.0197398
   0.0217412
   0.0156496
   0.0141096
   0.0120033
  0.00740964
   0.0231834
   0.0128642
   0.0155236
   0.0201331
  -0.0440712
 -0.00167502
  -0.0337594
   -0.101816
   0.0157677
   0.0122058
  -0.0576873
  -0.0435196
  -0.0261381
   0.0116944
-0.000799214
   0.0110983
  0.00732252
   0.0011211
  0.00548332
  0.00102246
  0.00885831
  0.00371176
  0.00458561
   0.0033483
 -0.00263188
  0.00738043
   0.0104894
   0.0118964
  0.00772843
   0.0178491
   0.0100958
 -0.00144615
   0.0104392
  0.00620841
   0.0162769
  0.00921766
   0.0196795
   0.0102452
 -0.00759737
  -0.0132217
  -0.0244309
 -0.00756073
  -0.0222374
  0.00865387
  -0.0029524
 0.000262878
  0.00593902
   0.0192933
   0.0314231
   0.0320099
   0.0254322
   0.0303988
   0.0266751
   0.0244185
   0.0273754
   0.0259284
   0.0322099
   0.0208789
    0.028964
   0.0238201
   0.0209181
  0.00599064
  -0.0252746
   0.0248847
  0.00712321
   0.0162487
   0.0130172
   0.0114942
   0.0354255
   0.0144842
  0.00567448
   0.0104069
  0.00605523
   0.0185145
   0.0162355
  0.00444409
   0.0245026
    0.018154
   0.0138766
   0.0154591
   0.0105114
   0.0237928
   0.0186393
 -0.00321872
   0.0209699
   0.0155161
  0.00948714
   0.0195802
   0.0116504
     0.02353
   0.0109598
  0.00228535
  -0.0216758
  0.00445495
 -0.00114344
  0.00820271
-0.000947564
 -0.00560283
    0.087727
   0.0823122
   0.0850626
 -0.00925155
  -0.0121311
   -0.039282
  -0.0619362
  -0.0535054
  -0.0553921
  -0.0674585
  -0.0718299
  -0.0948745
  -0.0680031
  -0.0797503
  -0.0950204
  -0.0839375
   0.0772956
   0.0410335
   0.0385636
  0.00843887
   0.0202633
   0.0171336
   0.0202619
   0.0213507
   0.0139791
    0.014662
  0.00741162
  -0.0219975
   0.0119114
  0.00925423
    0.014046
    0.014151
  0.00828762
   0.0156285
-0.000628655
 0.000680965
 -0.00736846
   0.0130293
  0.00404373
-0.000949755
  0.00138084
   0.0041485
  0.00586822
 -0.00481288
   0.0220335
 -0.00625711
   0.0445998
    0.017422
 -0.00970751
   0.0232842
   0.0185817
  0.00709448
   0.0165105
  -0.0309046
   0.0201751
 -0.00027348
  -0.0181778
    0.015222
  0.00779232
  0.00597353
   0.0200774
   0.0102922
   0.0186096
   0.0142022
   0.0285744
   0.0135832
   0.0016803
   0.0592539
   0.0306946
   0.0279757
   0.0396686
   0.0194636
   0.0046408
   0.0236474
   0.0170523
   0.0157493
   0.0285294
   0.0397165
   0.0229838
   0.0271268
   0.0188168
   0.0102847
   0.0258288
   0.0200184
   0.0191163
   0.0178437
  -0.0215068
 -0.00731265
  -0.0228989
  -0.0231052
  0.00507705
 -0.00468925
 -0.00841173
 -0.00648108
  -0.0101695
 -0.00821777
  -0.0132954
 -0.00948249
   -0.014489
  -0.0129451
  -0.0105964
  -0.0172409
  -0.0303418
   0.0099759
 -0.00776619
  0.00282783
-0.000799531
  0.00958786
  0.00307941
   0.0174622
  0.00392194
  0.00487384
   0.0069903
 0.000121494
   0.0108305
 -0.00477649
    0.012263
 -0.00325142
 -0.00318359
  0.00285438
 -0.00376371
  0.00967202
  0.00332966
   0.0123015
  0.00309837
 -0.00372063
  0.00380118
  -0.0103202
   0.0284105
   0.0154121
   0.0476048
    0.023643
   0.0084793
   0.0396146
  0.00198128
   0.0800218
    0.033618
   0.0132286
  0.00969893
   0.0134635
  0.00581603
 -0.00303856
  0.00636472
 0.000830627
  0.00493799
-0.000404053
   0.0149222
-0.000699215
 -0.00343544
-0.000121994
  0.00531438
  -0.0103672
 -0.00665009
   -0.010403
 -0.00967842
 -0.00951649
  -0.0177329
-0.000996586
 -0.00977912
  -0.0140384
 -0.00599122
 -0.00707879
 -0.00105526
 -0.00351445
  -0.0180134
-0.000235315
 -0.00157496
 -0.00395775
 -0.00456054
 -0.00819851
    -0.01008
  -0.0106762
   -0.021711
 -0.00747081
  -0.0151709
  -0.0198268
  -0.0120082
 -0.00884175
    0.013616
   0.0282973
 -0.00515725
   0.0534464
  0.00398493
  0.00210954
  0.00670109
  0.00463226
  0.00714235
  0.00217206
   0.0163015
  0.00985758
  0.00787802
    0.011527
 -0.00934489
   0.0305665
   0.0320886
   0.0332782
   0.0297014
  0.00886915
   0.0258497
   0.0232463
   0.0220511
   0.0208665
   0.0220643
   0.0187543
   0.0215149
   0.0161287
   0.0220252
  0.00549317
   0.0163749
   0.0233531
  -0.0100205
  -0.0085685
   0.0247129
   0.0184088
  0.00733542
   0.0243023
   0.0193643
   0.0245497
   0.0148642
   0.0236654
  0.00743048
 -0.00803846
   0.0523824
   0.0187243
   0.0129831
   0.0147243
   0.0160071
    0.020033
  0.00940229
   0.0144721
   0.0434204
   0.0154283
   0.0103701
   0.0207097
   0.0130634
   0.0253821
    0.020108
   0.0102454
    0.047502
   0.0150254
   0.0112012
    0.024719
   0.0142629
   0.0188716
   0.0104115
 -0.00668048
 -0.00224853
 -0.00700241
  -0.0178376
  -0.0031797
  -0.0063778
  -0.0109651
 -0.00512606
 -0.00956983
 -0.00785961
 -0.00969121
  -0.0190471
 -0.00293512
  -0.0103932
  -0.0076671
   -0.006839
 -0.00528678
   0.0432147
   0.0458185
   0.0347436
    0.030732
    0.029191
   0.0195026
   0.0286585
   0.0244754
   0.0294138
   0.0224842
   0.0189439
   0.0397081
   0.0263947
   0.0128888
   0.0272818
  0.00181762
 -0.00722572
 0.000937003
  0.00368752
    0.029121
   0.0287173
   0.0166652
   0.0249723
   0.0131235
   0.0252831
   0.0153417
  -0.0108519
   0.0190874
   0.0153081
 -0.00803362
   0.0139742
  0.00761477
    0.021006
   0.0142926
   0.0356425
   0.0155578
  0.00634268
   0.0178518
   0.0164881
    0.025695
   0.0138396
   0.0361096
    0.026094
   0.0055571
   0.0255673
   0.0206399
   0.0178192
   0.0181378
  0.00875352
   0.0486099
   0.0130745
 0.000358037
   0.0227422
   0.0115741
   0.0246789
   0.0184725
  -0.0046705
   0.0183143
   0.0140479
   0.0191057
   0.0146896
   0.0194165
 -0.00599771
 -0.00615113
 -0.00978272
   -0.014993
  0.00206696
  -0.0104779
  -0.0137599
 -0.00934364
  -0.0548009
    0.139431
-0.000177256
 -0.00811214
 -0.00340508
 -0.00605724
  -0.0129941
  -0.0150421
  -0.0196114
   -0.003868
 -0.00973222
  -0.0179963
  -0.0142655
  -0.0210256
  -0.0164139
  -0.0195742
  -0.0983849
  -0.0241545
  -0.0238747
  -0.0238523
   -0.012148
  -0.0202991
  -0.0152391
  -0.0220337
  -0.0193756
  -0.0245452
  -0.0322521
  -0.0172183
  -0.0261758
  -0.0218783
   -0.017704
 -0.00656095
   -0.019874
  -0.0242983
  -0.0156692
  -0.0152428
  -0.0127393
  -0.0199057
  -0.0128945
  -0.0186773
   -0.028052
  -0.0142181
  -0.0329295
   0.0328361
   0.0151036
  -0.0178792
   0.0367905
   0.0115759
 -0.00745172
   0.0191765
   0.0051001
   0.0245696
   0.0169272
  -0.0172809
   0.0429288
   0.0183414
  0.00971557
   0.0345162
   0.0153825
   0.0152696
   0.0527447
   0.0205864
   0.0122325
   0.0219617
   0.0199401
   0.0363184
   0.0209087
  0.00197802
   0.0229784
    0.011755
  0.00449265
   0.0233091
  0.00677235
-0.000354675
  -0.0120672
    -0.01528
  -0.0168094
   -0.010477
  -0.0203818
  -0.0252731
  -0.0173186
  -0.0272789
  -0.0233497
  -0.0284286
  -0.0180656
  -0.0280042
   0.0277844
   0.0281943
   0.0124457
   0.0306884
   0.0164117
 -0.00289136
   0.0333001
   0.0192709
   0.0100115
   0.0266963
   0.0202634
   0.0213094
   0.0173913
   0.0211339
   0.0180498
   -0.018704
   -0.025316
  -0.0167724
  -0.0237599
  -0.0057456
  -0.0148531
  -0.0472313
  -0.0167581
  -0.0177765
  -0.0255334
   0.0305244
   0.0325761
   0.0253929
  0.00402234
   0.0520806
   0.0308928
  0.00708895
    0.043653
    0.010056
    0.053531
  0.00429036
  -0.0169031
  -0.0183958
  -0.0194006
  -0.0120515
  -0.0157167
  -0.0297614
 -0.00934867
  -0.0168491
  -0.0238351
  -0.0178975
   0.0330607
  -0.0165699
  -0.0216041
  -0.0177728
  -0.0235024
   -0.029104
  -0.0266924
 -0.00438168
 -0.00397604
   0.0495174
   0.0401389
   0.0144892
   0.0536267
   0.0443648
   0.0432414
   0.0741506
   0.0730101
   0.0831417
   0.0659941
   0.0767773
   0.0322916
  -0.0426621
   0.0421799
  -0.0382572
    -0.10994
  -0.0833347
  -0.0839063
  -0.0778484
    0.059395
   0.0230293
  -0.0198288
 -0.00265691
  0.00165176
   0.0198763
  0.00560669
   0.0233675
  0.00509073
  -0.0413349
  -0.0363304
   0.0123402
  0.00281641
  0.00841256
  0.00156442
  0.00144777
 -0.00110989
  -0.0073733
 -0.00664941
  -0.0140237
  -0.0145373
  -0.0113187
    -0.01967
  -0.0206934
  -0.0237982
  -0.0155517
  -0.0466021
  -0.0807921
  -0.0837035
  -0.0506954
  -0.0289784
   -0.036687
  -0.0381573
  -0.0465671
  -0.0524584
  -0.0345476
  -0.0501794
  -0.0666896
   -0.065207
  -0.0737297
 -0.00524567
   0.0142173
   0.0319065
    0.015658
   0.0121396
   0.0165908
   0.0130234
  0.00777322
  0.00122803
  -0.0038599
    0.014035
   0.0053731
 -0.00128924
  0.00255263
 -0.00244962
 -0.00837242
 -0.00650981
  -0.0209363
 -0.00171135
  -0.0105812
  -0.0187781
   -0.017192
  -0.0190515
  -0.0149889
  -0.0234161
   -0.025049
  -0.0272305
  -0.0379895
   -0.030195
  -0.0416361
  -0.0414265
  -0.0457189
    -0.10904
   -0.089083
   0.0244636
   0.0382598
   0.0446292
   0.0398304
   0.0467151
   0.0396026
   0.0400879
   0.0342422
   0.0318018
   0.0280631
   0.0283194
   0.0253594
   0.0191523
   0.0236483
   0.0172913
  0.00684123
   0.0148076
   0.0121194
  0.00652184
 -0.00171837
 -0.00367315
 -0.00331818
  -0.0131274
 -0.00148086
 -0.00406131
 -0.00335191
  -0.0110637
 -0.00856166
  -0.0150655
  -0.0183852
  -0.0175723
  -0.0250449
  -0.0231244
  -0.0292543
  -0.0253098
  -0.0371339
   0.0775231
   0.0723413
   0.0767035
   0.0700768
   0.0822299
    0.069555
   0.0681279
   0.0621845
   0.0631739
   0.0597367
    0.057765
   0.0594906
   0.0487468
   0.0495387
   0.0496425
   0.0389484
   0.0423113
   0.0418834
   0.0396271
   0.0312098
   0.0235953
   0.0225229
   0.0177365
   0.0258254
   0.0239926
   0.0235659
   0.0224879
  0.00753191
   0.0242607
   0.0175499
  0.00944931
  0.00854719
  0.00221151
  0.00706967
  0.00432929
  0.00913566
 -0.00229538
  -0.0164491
 -0.00881519
 -0.00597557
 -0.00585514
  -0.0144508
 -0.00953376
  -0.0146324
  -0.0242246
  -0.0129483
  -0.0259979
  -0.0199789
  -0.0267496
  -0.0205982
  -0.0264423
  -0.0306363
  -0.0259915
  -0.0328948
  -0.0352982
  -0.0361875
  -0.0274938
  -0.0406521
  -0.0462207
  -0.0431162
   -0.044191
  -0.0448733
  -0.0476499
   -0.050781
   -0.039966
  -0.0526771
  -0.0524985
  -0.0463065
-0.000458236
  -0.0915113
  -0.0239588
   -0.029864
   0.0311133
  -0.0321307
   0.0289006
  -0.0271454
  -0.0929471
   0.0613096
  -0.0248399
  -0.0779979
    0.100381
 -0.00411589
   -0.053047
    0.010561
   -0.043782
   -0.118139
  -0.0121732
  -0.0379427
  -0.0660825
   0.0255778
   0.0458104
   0.0486102
   0.0446437
   0.0494718
   0.0429825
   0.0423422
   0.0394557
   0.0300083
   0.0390596
   0.0333681
   0.0327351
   0.0296432
   0.0301295
   0.0271956
   0.0180776
   0.0256883
   0.0193879
   0.0173298
   0.0115366
   0.0193204
   0.0106488
  0.00554425
  0.00627495
  0.00548367
  0.00710621
 0.000668936
  0.00794096
 9.43457e-05
 -0.00110773
 -0.00297794
 -0.00577459
 -0.00324665
 -0.00659254
 -0.00653361
  -0.0105112
  -0.0114836
  -0.0137612
  -0.0177148
  -0.0136616
  -0.0198241
  -0.0169369
  -0.0173551
  -0.0214489
  -0.0256264
 -0.00961768
  -0.0191068
  -0.0179262
  -0.0212884
   0.0326435
  -0.0228864
   0.0566137
  -0.0202651
   0.0677454
-0.000248252
  -0.0973501
   0.0849909
   0.0180205
  -0.0545508
    0.102274
   0.0440908
  -0.0235375
   0.0578571
  0.00864278
   0.0303167
  -0.0567789
   0.0840215
   0.0462902
 -0.00342429
    0.035992
 -0.00653281
   0.0592114
   0.0164039
  -0.0604583
   0.0998477
  0.00326554
  -0.0431893
   0.0225292
 -0.00445341
   0.0631121
 -0.00452695
  -0.0583321
   0.0731911
  0.00955838
  -0.0553564
   0.0080115
  -0.0240115
   0.0424218
   0.0120497
  -0.0564166
  -0.0631686
   0.0156256
  0.00962636
  -0.0618745
   0.0113163
   -0.039828
-0.000405702
  -0.0101112
  -0.0707783
   0.0702256
  -0.0120252
    -4.11061
    -4.12826
    -4.10527
    -4.11388
    -4.08061
    -4.10559
    -4.02056
    -4.13481
    -4.17066
    -4.13447
    -4.16186
     -4.2209
    -4.12939
     -4.1559
    -4.13433
    -4.13668
    -4.12994
    -4.15619
     -4.0452
    -4.11447
    -4.00239
    -4.01124
    -4.03065
    -4.00527
    -4.00563
    -4.02411
    -3.99556
    -3.99895
    -4.01559
    -4.01309
    -4.03173
    -4.03586
    -4.02365
    -4.03728
    -4.16398
    -4.07631
     -4.0931
    -4.18594
    -4.19279
    -4.02076
    -4.05967
    -4.24628
    -4.02716
    -4.03166
    -4.05996
    -4.10365
    -4.12933
    -4.10862
    -4.11566
    -4.11348
    -4.12093
    -4.10417
    -4.11283
    -4.11258
    -4.11665
    -4.10307
    -4.10515
    -4.10647
    -4.10529
    -4.11244
    -4.12409
    -4.09123
    -4.10036
    -4.10645
    -4.09359
    -4.10492
    -4.11236
    -4.08951
    -4.09842
    -4.09719
    -4.10603
    -4.13597
    -4.12301
    -4.12213
    -4.14359
    -4.10907
    -4.11152
     -4.0847
    -4.10315
    -4.11807
    -4.09835
    -3.99063
    -4.00396
      -4.013
     -4.0134
    -4.01434
    -4.00231
    -4.01927
    -4.01041
    -4.01643
    -3.97234
    -4.00178
    -4.02596
    -3.99429
    -4.00151
    -4.00226
    -4.00611
    -4.01118
    -4.01905
    -3.99261
    -4.00204
    -4.03866
    -4.04055
    -4.01499
    -4.06127
    -4.12889
    -4.12881
    -4.12421
    -4.13603
    -4.10924
    -4.11475
    -4.11539
    -4.11965
    -4.08507
    -4.11833
    -4.13426
    -4.11706
    -4.12198
    -4.11368
    -4.12113
    -4.12605
    -4.13114
     -4.1126
    -4.12456
    -4.12092
    -4.12318
    -4.10398
    -4.11967
    -4.11203
    -4.11131
    -4.11336
    -4.12466
    -4.10849
    -4.11609
    -4.10568
    -4.11064
    -4.11687
    -4.10509
    -4.09946
    -4.10522
    -4.11532
    -4.09719
    -4.10629
    -4.11973
    -4.08837
    -4.09984
    -4.10494
    -4.10698
    -4.08523
    -4.11464
    -4.14056
    -4.11383
    -4.11969
     -4.1339
    -4.09554
    -4.12183
    -4.09972
    -4.10392
    -4.12402
    -4.11378
    -4.07853
    -4.09927
     -4.1416
    -4.10242
    -4.14687
    -4.09707
    -4.13683
     -4.1119
    -4.11382
    -4.09578
    -4.12069
     -4.0984
    -4.12694
    -4.11158
    -4.11243
    -4.08309
    -4.12803
    -4.16823
     -4.0302
    -4.11239
    -4.15985
    -4.06559
    -4.11516
    -4.14926
    -4.11257
    -4.15674
     -4.1499
    -4.12708
    -4.15287
    -4.12395
    -4.16842
    -4.13732
    -4.16255
    -4.14377
    -4.14891
    -4.08437
    -4.10562
    -4.15578
    -4.06815
    -4.14038
    -4.18151
    -4.11571
    -4.14087
    -4.20046
    -4.09674
    -4.13103
    -4.16385
    -4.11926
    -4.12098
    -4.17967
    -4.09768
     -4.1481
    -4.12117
    -4.15204
    -4.09912
    -4.16705
    -4.11116
    -4.14999
    -4.13542
    -4.16571
    -4.12857
     -4.1351
    -4.10734
    -4.14318
    -4.17704
    -4.17402
    -4.13523
    -4.17763
    -4.13421
    -4.16307
    -4.08644
    -4.13294
    -4.17328
    -4.11811
    -4.17252
    -4.20265
    -4.15995
    -4.14939
    -4.20595
     -4.1396
    -4.15918
    -4.09838
    -4.16757
    -4.11166
    -4.15531
    -4.14508
    -4.17548
    -4.14979
    -4.18229
     -4.2098
    -4.05413
    -4.09791
    -4.08467
    -4.09412
    -4.13526
    -4.10256
    -4.12889
    -4.09865
    -4.14375
    -4.10189
    -4.11426
    -4.11116
    -4.15446
    -4.10542
    -4.11182
     -4.0936
    -4.11856
    -4.08516
    -4.09588
    -4.15019
    -4.11759
     -4.1363
    -4.09951
    -4.16063
    -4.11523
    -4.15966
     -4.1367
    -4.14961
     -4.0956
    -4.13742
    -4.10678
    -4.11558
    -4.07437
    -4.10567
    -4.13382
    -4.06901
     -4.1031
    -4.10869
    -4.06059
    -4.08502
    -4.12262
    -4.07519
     -4.1207
    -4.09164
    -4.11315
    -4.20185
     -4.0794
    -4.11265
    -4.12273
    -4.14005
    -4.05711
    -4.13067
    -4.17723
    -4.09711
    -4.10875
    -4.17122
    -4.06305
    -4.09669
    -4.12893
    -4.08399
    -4.11138
    -4.08614
    -4.13606
    -4.17008
    -4.08928
    -4.13496
    -4.10758
    -4.14019
     -4.1966
    -4.06262
    -4.06441
    -4.06306
    -4.07201
    -4.07971
    -4.05335
    -4.06789
    -4.06211
     -4.0652
    -4.05787
    -4.05717
    -4.05441
    -4.06524
    -4.05531
    -4.06726
    -4.05513
    -4.06228
    -4.05853
    -4.05231
     -4.0552
    -4.06592
    -4.05889
    -4.06555
    -4.05474
    -4.06335
    -4.05797
    -4.05644
    -4.04863
    -4.06115
    -4.06534
    -4.05949
    -4.06536
    -4.07066
    -4.04065
    -4.05354
    -4.09389
    -4.04281
    -4.05066
    -4.06264
    -4.06467
    -4.05164
    -4.05736
    -4.05607
    -4.06967
     -4.0504
    -4.05576
    -4.05514
    -4.05205
    -4.07219
    -4.07304
    -4.05635
    -4.07127
    -4.07217
     -4.0807
    -4.03595
    -4.05261
    -4.09849
    -4.05625
    -4.06331
    -4.07203
    -4.06621
    -4.08957
    -4.06251
    -4.06499
    -4.07272
    -4.06275
    -4.07022
    -4.07118
    -4.07343
    -4.07253
    -4.06924
    -4.06781
    -4.07916
    -4.07398
    -4.07887
    -4.04201
    -4.06958
    -4.08205
     -4.0626
    -4.06834
    -4.07509
    -4.09026
    -4.08428
    -4.10726
    -4.09027
    -4.11964
    -4.08538
    -4.13396
    -4.10245
    -4.12883
    -4.02949
    -4.10129
    -4.14687
    -4.09972
    -4.17746
    -4.08038
      -4.111
     -4.1602
    -4.05758
    -4.10898
    -4.11662
    -4.06613
    -4.07494
    -4.12215
    -4.06286
    -4.08562
     -4.1027
    -4.13403
    -4.06591
    -4.11781
    -4.08978
    -4.13282
     -4.0652
    -4.14145
      -4.033
    -4.09055
    -4.03778
    -4.07276
    -4.04795
    -4.06261
    -4.04103
    -4.04744
    -4.05157
    -4.06858
    -4.06836
    -4.07287
    -4.07687
    -4.07626
    -4.07938
    -4.09625
    -4.06513
    -4.07415
    -4.06356
    -4.07078
    -4.06032
    -4.06269
    -4.06014
     -4.0628
    -4.06723
    -4.07134
    -4.03792
    -4.09928
    -4.01406
    -4.11967
    -4.17788
    -4.07123
    -4.11465
    -4.15626
    -4.08321
    -4.10235
      -4.116
    -4.07227
    -4.11117
    -4.11955
    -4.08013
    -4.10366
     -4.1449
    -4.08304
     -4.1001
    -4.07295
    -4.08192
    -4.09927
    -4.11751
    -4.15175
    -4.12722
    -4.13296
    -4.17363
    -4.10234
     -4.1669
    -4.08053
    -4.09697
    -4.10241
    -4.10238
    -4.12833
    -4.10239
    -4.12764
    -4.09223
    -4.15193
    -4.09945
    -4.14324
    -4.09646
    -4.14988
    -4.13164
    -4.14872
    -4.06469
    -4.05592
    -4.12814
    -4.07882
    -4.12898
    -4.10565
    -4.08544
    -4.09017
    -4.13575
    -4.08878
    -4.12898
    -4.08882
    -4.11595
     -4.0891
    -4.14788
    -4.08273
    -4.14945
    -3.98095
     -4.1102
    -4.16416
    -4.04097
    -4.11172
    -4.14933
    -4.07981
    -4.07852
     -4.1736
    -4.09354
    -4.09868
    -4.07301
    -4.09083
    -4.05842
    -4.08885
    -4.06358
     -4.1177
    -4.08491
    -4.14034
    -4.17076
    -4.18222
     -4.1347
    -4.05264
     -4.1365
    -4.17273
    -4.11962
    -4.07687
    -4.13211
    -4.16069
    -4.07294
    -4.12006
    -4.07513
     -4.1024
     -4.0792
    -4.09291
    -4.11175
    -4.06158
    -4.14195
    -4.14924
    -4.05383
    -4.13821
    -4.16615
    -4.04953
    -4.12045
    -4.13722
    -4.12074
    -4.10974
    -4.19737
    -4.19981
    -4.00652
    -4.02524
    -4.03782
    -3.99984
    -4.00992
    -4.04315
    -4.01207
    -4.02364
     -4.0382
     -4.0261
    -4.03344
    -4.04498
    -4.00836
    -4.01745
    -4.06544
    -4.01972
    -4.03289
    -4.01875
    -4.04141
    -4.01728
    -4.02151
    -4.01009
    -4.03201
    -4.01052
    -4.01222
    -4.01624
    -4.02265
    -4.03319
    -4.02453
    -4.02136
    -4.04896
    -3.97232
    -4.03673
     -4.0416
    -4.00005
    -4.02405
    -4.05758
    -3.97449
    -4.02745
    -4.04062
    -4.14272
    -4.10625
     -4.1014
     -4.0219
    -4.03144
    -4.03099
    -4.03645
    -4.03072
    -4.03125
    -4.02271
      -4.027
    -4.02335
     -4.0314
    -4.02331
    -4.02064
    -4.02378
    -4.03444
    -4.06079
    -4.02203
    -4.07701
    -4.03929
     -4.0574
    -4.09925
     -4.0217
    -4.06267
    -4.08189
    -4.00418
     -4.0759
     -4.1262
    -4.03051
     -4.0627
    -4.17124
    -4.03424
    -4.04152
     -4.0817
    -4.04283
    -4.09054
    -4.08772
    -4.06217
    -4.00048
    -4.00003
    -4.01601
    -4.03026
    -4.02721
    -4.03993
     -4.0207
    -4.04859
    -4.04225
   -0.951271
   -0.918175
   -0.918871
    -1.03089
    -1.04282
    -1.02667
    -1.03872
    -0.95725
   -0.937171
   -0.904413
   -0.920663
   -0.918598
    -0.91116
   -0.910046
   -0.926232
   -0.928076
   -0.978199
   -0.982378
   -0.971465
   -0.860683
   -0.866605
   -0.879035
   -0.885046
    -0.87539
     -0.8649
    -0.84965
   -0.871739
   -0.841433
   -0.849045
   -0.851538
    -0.85288
   -0.852756
   -0.869001
   -0.879486
   -0.898033
   -0.897328
   -0.915031
   -0.875026
   -0.863615
   -0.938854
   -0.928258
   -0.936469
   -0.976217
   -0.931915
   -0.940291
   -0.940943
   -0.941154
   -0.934244
   -0.942371
    -0.94558
   -0.952539
   -0.959093
   -0.959552
   -0.954748
   -0.974096
   -0.942489
    -0.97307
   -0.973678
    -1.00844
    -1.00992
     -1.0168
   -0.997538
   -0.979668
   -0.970546
   -0.981998
   -0.982587
   -0.990664
   -0.970545
   -0.987977
   -0.981567
   -0.987584
   -0.980932
   -0.997299
   -0.997094
    -1.01065
   -0.925196
   -0.919471
   -0.894113
   -0.892669
    -0.87694
   -0.897584
   -0.900389
   -0.931408
   -0.930283
   -0.932282
    -0.92985
   -0.923015
   -0.927424
   -0.924374
     -0.9254
   -0.927471
    -0.93766
   -0.933321
   -0.937563
   -0.935649
   -0.943383
   -0.943406
   -0.944629
   -0.944337
   -0.948456
   -0.960378
    -1.00871
    -1.00354
    -1.00847
   -0.953777
   -0.975131
   -0.953906
   -0.958448
   -0.957693
   -0.958712
   -0.957853
   -0.961384
   -0.963798
   -0.966992
    -0.96653
   -0.974376
   -0.969303
   -0.972664
   -0.971998
    -0.98071
   -0.981661
    -0.98528
   -0.984357
   -0.997898
    -0.98528
   -0.981539
   -0.983402
   -0.997014
   -0.977201
   -0.990726
    -1.02432
     -0.9909
    -1.01324
    -0.91139
   -0.902287
   -0.903605
   -0.898483
    -0.90908
   -0.910953
   -0.912275
   -0.908797
   -0.915512
   -0.913261
   -0.916897
   -0.919034
   -0.920279
   -0.924032
   -0.930392
   -0.927661
    -0.93287
   -0.936781
   -0.941757
   -0.936502
   -0.938755
   -0.939218
   -0.950431
   -0.940755
   -0.942011
   -0.945046
    -0.93699
   -0.951495
   -0.951132
   -0.951754
   -0.956312
   -0.953578
   -0.955249
   -0.955248
   -0.952018
   -0.954449
   -0.958729
   -0.965296
   -0.966388
   -0.969062
   -0.967291
   -0.981129
    -0.97387
   -0.977068
   -0.978782
   -0.867018
   -0.958438
   -0.766007
   -0.930059
     -0.8867
   -0.928502
    -0.88643
   -0.886344
   -0.865739
   -0.878786
   -0.875499
   -0.882941
   -0.878193
   -0.889872
   -0.887319
   -0.890724
   -0.891998
   -0.891594
   -0.895289
    -0.90765
   -0.905283
   -0.905753
   -0.901343
   -0.904227
   -0.903145
   -0.913677
   -0.911713
   -0.914022
   -0.917457
   -0.920654
   -0.914733
   -0.923622
   -0.918817
   -0.941871
   -0.922959
   -0.924203
   -0.926618
   -0.923342
   -0.926136
   -0.928671
    -0.92691
   -0.928137
   -0.926224
   -0.933894
   -0.936097
   -0.938248
   -0.936499
   -0.941532
   -0.942311
   -0.946878
   -0.941993
   -0.945758
   -0.945587
   -0.866088
   -0.836859
   -0.982083
    -0.74137
   -0.858589
    -0.85906
   -0.859757
   -0.860419
   -0.858338
   -0.878159
   -0.857154
   -0.864901
   -0.865447
   -0.868596
   -0.863446
   -0.872394
   -0.873297
   -0.876786
   -0.873477
   -0.882945
   -0.880982
   -0.883049
   -0.885908
   -0.888303
   -0.890353
   -0.894751
   -0.892122
   -0.898042
   -0.894958
   -0.906305
   -0.902346
   -0.912643
   -0.902465
   -0.909758
   -0.894415
   -0.904607
   -0.902611
   -0.905788
   -0.895877
   -0.906886
   -0.906521
   -0.907531
   -0.909163
   -0.914198
    -0.91404
   -0.917704
    -0.91551
   -0.917635
   -0.914729
    -0.92127
   -0.917809
    -0.91936
    -0.92022
   -0.926926
   -0.923033
   -0.927821
   -0.923583
   -0.929284
   -0.911598
   -0.929614
   -0.929512
   -0.928601
   -0.926431
     -0.9311
   -0.928079
   -0.929767
    -0.92929
   -0.929784
   -0.928406
   -0.931849
   -0.844329
   -0.840817
   -0.835445
   -0.846664
   -0.846795
   -0.857612
   -0.855083
   -0.855477
   -0.835599
   -0.852573
   -0.875822
   -0.848295
   -0.855283
    -0.84347
   -0.860622
   -0.861406
   -0.875401
   -0.868544
   -0.870711
   -0.864472
   -0.879718
   -0.883142
   -0.877303
   -0.880813
   -0.886742
   -0.882246
   -0.884699
   -0.882001
   -0.888452
   -0.887022
   -0.899699
   -0.889376
   -0.898401
   -0.888018
   -0.900896
   -0.886018
   -0.897084
   -0.889092
   -0.896337
   -0.891835
   -0.901403
   -0.889935
   -0.899768
   -0.907225
   -0.900551
   -0.908356
   -0.905582
   -0.915115
   -0.908156
   -0.910632
   -0.909091
   -0.915233
   -0.913818
   -0.910305
   -0.910871
   -0.914711
    -0.91518
   -0.912361
   -0.914447
   -0.915544
   -0.915651
   -0.931123
   -0.914142
   -0.915247
   -0.916225
   -0.913747
   -0.910574
   -0.921424
   -0.832042
   -0.835994
   -0.849587
    -0.82852
   -0.847034
   -0.827126
   -0.849522
   -0.828848
   -0.865395
   -0.835126
   -0.857818
    -0.84875
   -0.876937
   -0.853333
   -0.868398
   -0.824479
    -0.86083
   -0.896838
   -0.844025
   -0.863433
   -0.908768
   -0.865625
   -0.859361
   -0.846955
   -0.875038
   -0.852507
   -0.879446
   -0.854969
   -0.876294
    -0.86665
   -0.891355
   -0.857076
   -0.874646
   -0.872421
   -0.873424
   -0.921871
   -0.890426
   -0.876089
    -0.90808
   -0.868335
   -0.906773
   -0.882006
   -0.909394
   -0.887578
   -0.894298
   -0.860304
   -0.883331
   -0.949942
   -0.875925
    -0.89528
    -0.94533
   -0.865979
   -0.891589
    -1.00277
    -0.87043
   -0.906679
   -0.888317
    -0.91196
   -0.872128
   -0.912866
   -0.896079
   -0.890943
   -0.931154
    -0.88247
   -0.919874
   -0.884599
   -0.926369
   -0.888055
   -0.930708
   -0.893113
   -0.979146
   -0.971181
    -0.96977
   -0.958441
    -1.04726
   -0.991071
   -0.990666
   -0.994356
   -0.983802
   -0.997044
     -1.0318
    -1.05163
      -1.065
    -1.07382
    -1.07227
    -1.08533
    -1.09875
    -1.09429
    -1.08301
    -1.08276
    -1.05966
      -1.049
    -1.04965
    -1.06409
    -1.05516
    -1.05831
    -1.04729
    -1.06337
    -1.05661
    -1.07314
    -1.04691
    -1.06261
    -1.03589
      -1.052
   -0.941231
   -0.980497
   -0.960234
   -0.978879
    -0.99747
   -0.977329
   -0.982864
   -0.983807
   -0.984479
    -0.97778
    -0.98325
   -0.977026
    -1.00967
   -0.967544
    -1.05174
   -0.999543
    -1.03306
   -0.980539
    -1.02667
    -1.00017
     -1.0115
   -0.979809
   -0.978891
   -0.976603
    -0.98875
   -0.977574
   -0.982264
   -0.975915
   -0.989512
   -0.968558
   -0.977621
   -0.973144
   -0.975581
   -0.969576
   -0.976512
   -0.938738
   -0.959107
   -0.981239
   -0.968151
   -0.970775
   -0.966701
   -0.979438
   -0.961139
    -0.97722
   -0.971878
   -0.971462
   -0.956289
   -0.968823
   -0.957137
   -0.958312
   -0.959327
   -0.968851
   -0.988074
   -0.974782
   -0.956703
   -0.965001
   -0.963664
    -0.97277
   -0.961977
   -0.965353
   -0.959132
   -0.975991
   -0.972194
   -0.985466
   -0.924021
   -0.955092
   -0.978957
   -0.947942
    -0.97256
   -0.962165
    -0.99696
   -0.953364
   -0.957174
   -0.938285
   -0.946107
   -0.971785
    -0.98104
   -0.978387
   -0.972157
   -0.968612
   -0.980381
   -0.973528
   -0.983128
   -0.985196
   -0.992163
   -0.968189
   -0.984046
   -0.970807
   -0.969254
   -0.964641
   -0.990997
    -1.07839
    -1.02896
   -0.986633
   -0.975108
   -0.975037
   -0.976251
    -0.98169
   -0.973233
    -0.97917
   -0.973017
   -0.986171
   -0.985236
   -0.984936
   -0.965799
   -0.983039
   -0.977572
    -0.98576
   -0.963622
   -0.973384
    -0.94664
   -0.966745
   -0.994915
   -0.954231
   -0.955541
   -0.948966
   -0.957592
   -0.933458
   -0.966002
   -0.951518
   -0.973417
     -0.9728
   -0.981521
   -0.982785
   -0.986433
   -0.978279
   -0.981627
   -0.975184
   -0.975783
   -0.977542
   -0.986467
   -0.983209
   -0.992128
   -0.974223
    -1.00045
    -1.07265
    -1.00044
   -0.983392
    -0.96657
   -0.983869
   -0.977981
    -0.97968
    -0.97538
   -0.978977
   -0.986474
   -0.975971
   -0.987756
   -0.982262
   -0.982538
    -0.97377
   -0.981914
   -0.977733
   -0.972719
    -0.97203
   -0.981215
   -0.974821
    -0.98151
   -0.973778
   -0.979991
   -0.968817
    -0.92827
    -0.94086
   -0.945532
   -0.966372
    -0.96007
   -0.951613
    -0.94638
   -0.952358
   -0.953962
   -0.963719
   -0.964298
   -0.973281
   -0.952452
   -0.968305
   -0.955121
   -0.966722
   -0.973807
    -1.03887
   -0.962663
   -0.953221
   -0.953356
   -0.944461
   -0.959012
   -0.955624
   -0.966967
    -0.95643
   -0.960504
   -0.952704
   -0.965963
   -0.952736
   -0.954951
    -0.94143
   -0.954893
   -0.952647
   -0.964292
   -0.900045
   -0.937002
   -0.953221
   -0.939706
   -0.948728
   -0.946713
    -0.96185
   -0.951728
    -0.94945
   -0.944324
   -0.958922
   -0.952539
   -0.946925
   -0.934062
   -0.962497
   -0.965913
    -1.00064
     -0.9474
   -0.953722
   -0.917661
   -0.943395
   -0.970177
   -0.939307
   -0.961539
   -0.928315
    -0.95828
   -0.933732
   -0.949738
   -0.943603
   -0.959299
   -0.934041
   -0.867516
   -0.906544
   -0.920102
   -0.946664
   -0.995005
   -0.917421
   -0.940595
   -0.919955
   -0.949644
      -0.928
   -0.944912
   -0.921547
   -0.944851
   -0.936149
   -0.947246
   -0.931737
   -0.930828
   -0.929779
   -0.947058
   -0.913057
   -0.961819
   -0.937776
   -0.984572
    -0.95937
   -0.979001
   -0.978175
   -0.983069
   -0.968956
   -0.985312
   -0.980637
   -0.987688
   -0.971098
   -0.978659
   -0.973882
    -0.97596
   -0.977153
   -0.986682
   -0.998114
   -0.997782
   -0.988294
   -0.994213
   -0.969624
   -0.987688
   -0.975608
    -1.00088
   -0.980691
   -0.993502
   -0.978194
   -0.994063
    -0.96987
   -0.985002
   -0.977419
   -0.991847
    -0.91141
   -0.916356
   -0.962684
   -0.911985
   -0.962087
    -0.89833
    -0.96085
   -0.879427
   -0.906362
   -0.919012
   -0.910011
   -0.883501
   -0.920391
   -0.949309
   -0.965165
   -0.974682
   -0.960998
   -0.977164
   -0.968402
   -0.974432
   -0.973748
   -0.966534
   -0.966381
   -0.977218
   -0.970136
   -0.973802
   -0.969197
   -0.866859
   -0.900581
   -0.916736
   -0.909248
    -0.91915
   -0.896883
   -0.908982
   -0.903722
   -0.919818
   -0.894082
   -0.932813
   -0.900705
   -0.944106
   -0.968511
   -0.962249
   -0.976065
   -0.967775
   -0.971353
   -0.962662
    -0.97349
   -0.962826
    -0.98241
   -0.974449
   -0.902057
   -0.915564
   -0.878067
   -0.923588
    -0.89567
   -0.925046
   -0.904007
   -0.924169
   -0.888634
   -0.964085
   -0.988372
   -0.956144
   -0.966292
   -0.936128
   -0.958553
   -0.976494
   -0.947734
   -0.964034
   -0.952838
   -0.955791
   -0.911444
   -0.900449
   -0.950473
   -0.907757
   -0.949945
   -0.939443
   -0.957547
   -0.960018
   -0.946995
   -0.947614
   -0.938494
   -0.954132
   -0.953676
   -0.946271
   -0.961341
   -0.953604
    -0.95063
   -0.945872
   -0.963628
    -5.13231
    -5.17618
    -5.15981
    -5.11636
    -5.15198
    -5.11141
    -5.09044
    -5.09438
     -5.0637
    -5.04442
    -5.04897
    -5.03829
    -5.02238
    -5.02854
    -5.01434
    -5.00304
    -5.00572
     -4.9993
    -4.99756
    -5.20786
    -5.25389
    -5.22338
    -5.18609
    -5.24688
    -5.22369
    -5.17279
    -5.22078
    -5.20646
    -4.98761
    -5.00168
      -4.993
    -5.01286
    -5.02701
    -5.00046
    -5.00688
    -5.00407
     -5.0133
    -4.99012
    -5.03222
     -5.0361
    -5.06622
     -5.0129
     -5.1943
    -5.18122
    -5.20173
    -5.20016
    -5.17392
    -5.19911
    -5.17841
    -5.16778
    -5.20374
    -5.19532
    -5.24573
    -5.18244
    -5.18536
    -5.16149
    -5.19804
    -5.16698
    -5.18793
    -5.17687
    -5.20659
    -5.15205
    -5.21183
     -5.1819
    -5.15734
    -5.16499
    -5.15132
    -5.12673
    -5.15286
     -5.1431
    -5.09491
     -5.1055
    -5.03143
    -4.99703
    -5.01443
    -5.00878
    -5.00426
    -5.03857
    -5.02635
    -5.01281
    -5.02524
    -5.02159
    -5.02649
    -5.02705
    -5.01638
    -5.00904
    -5.00829
     -5.0275
    -5.09737
    -5.06148
    -5.03994
    -5.24627
    -5.26321
    -5.24317
    -5.23928
    -5.25772
    -5.25986
    -5.23959
    -5.24752
    -5.24599
    -5.23337
      -5.257
    -5.24894
    -5.23273
    -5.25243
    -5.24005
    -5.21487
    -5.24282
    -5.23105
    -5.23005
     -5.2346
    -5.22575
    -5.21541
    -5.22343
    -5.21062
    -5.21084
    -5.22759
    -5.21891
    -5.23197
    -5.20561
    -5.21445
    -5.20859
     -5.2174
    -5.19202
    -5.21082
    -5.20837
    -5.22266
    -5.21423
    -5.23761
    -5.18279
    -5.18913
    -5.18759
     -5.1714
    -5.18241
    -5.17672
    -5.11971
    -5.17082
    -5.17379
    -5.14651
    -5.16745
    -5.15972
    -5.11822
    -5.15088
    -5.15692
    -5.17547
    -5.09625
     -5.1563
    -5.13972
    -5.15751
    -5.13303
    -5.14273
    -5.13474
     -5.1407
    -5.11725
    -5.12419
    -5.12782
    -5.14843
    -5.13696
    -5.09497
    -5.00392
    -5.00659
    -4.99628
    -5.00046
    -5.30245
    -5.37588
    -5.33616
    -5.33017
    -5.35357
    -5.32846
     -5.1022
    -5.03589
    -5.30755
     -5.2966
    -5.31724
    -5.29768
    -5.30312
    -5.33214
    -5.31791
    -5.29891
    -5.32778
    -5.31829
    -5.30777
     -5.3142
    -5.32617
    -5.28787
    -5.30515
    -5.30823
    -5.31024
    -5.32877
    -5.30885
    -5.35971
     -5.2949
    -5.31922
    -5.28681
    -5.32715
     -5.2805
    -5.28336
    -5.29416
    -5.30761
    -5.28104
     -5.2897
    -5.28357
    -5.28956
    -5.27045
    -5.27426
    -5.26445
    -5.28146
    -5.24792
    -5.28698
    -5.27705
    -5.28396
    -5.27049
    -5.26133
    -5.26905
    -5.26274
    -5.25051
    -5.29862
    -5.27081
    -5.35431
    -5.23864
    -5.24599
    -5.23722
     -5.2283
    -5.23873
     -5.2227
    -5.20789
    -5.22045
    -5.23084
    -5.24003
    -5.21535
    -5.22913
    -5.23176
    -5.24834
    -5.19973
    -5.24009
    -5.21215
    -5.22342
    -5.18024
    -5.21573
    -5.20645
    -5.21362
    -5.20078
    -5.19109
    -5.19926
    -5.17416
    -5.17691
    -5.20117
    -5.19413
    -5.16593
    -5.19046
    -5.17974
    -5.15126
     -5.1791
    -5.03106
    -5.18751
    -5.35742
    -5.35313
    -5.35496
    -5.34314
    -5.34367
    -5.34695
    -5.34486
    -5.34461
    -5.34915
    -5.34471
    -5.33615
    -5.33983
    -5.33293
    -5.32836
    -5.34298
    -5.33971
    -5.33192
    -5.34103
    -5.33558
    -5.33132
    -5.33814
    -5.32661
    -5.34443
    -5.32489
    -5.32666
    -5.32595
    -5.33361
    -5.31147
    -5.31889
    -5.31861
    -5.32148
    -5.30724
    -5.30326
    -5.30588
    -5.31099
    -5.30373
    -5.30997
    -5.29849
    -5.28952
    -5.29962
    -5.29146
     -5.2918
    -5.30289
     -5.2911
    -5.28607
    -5.28684
    -5.29185
    -5.30108
    -5.29128
    -5.26145
    -5.26968
    -5.27026
    -5.28775
    -5.26621
     -5.2723
    -5.26547
    -5.27063
    -5.25142
    -5.25259
    -5.25547
    -5.26396
     -5.2384
    -5.25287
     -5.2528
    -5.26749
    -5.25132
    -5.24387
    -5.24172
    -5.23975
    -5.23219
    -5.24247
    -5.23019
    -5.22226
    -5.23013
    -5.22328
    -5.21652
     -5.2308
    -5.22022
    -5.21456
    -5.21292
    -5.20968
    -5.20875
    -5.21489
    -5.38201
    -5.38855
    -5.39047
    -5.37987
    -5.37054
    -5.37488
    -5.36291
    -5.42965
    -5.41982
    -5.42173
    -5.41401
    -5.41215
    -5.42431
    -5.41581
    -5.41261
    -5.41753
    -5.41022
    -5.39984
    -5.40702
    -5.40071
    -5.39354
    -5.40822
    -5.39759
    -5.41461
    -5.39389
    -5.39965
    -5.39478
    -5.40172
    -5.36805
    -5.38873
    -5.38468
     -5.3815
    -5.38916
    -5.37872
    -5.38392
    -5.37827
    -5.36791
    -5.37083
    -5.36596
    -5.35669
    -5.37722
    -5.36578
    -5.36057
    -5.36218
     -5.3571
    -5.34743
    -5.34988
    -5.34577
    -5.34832
    -5.35203
     -5.3494
    -5.34076
    -5.34353
     -5.3391
    -5.32502
    -5.33721
    -5.34296
    -5.32738
    -5.33537
    -5.33119
    -5.31589
    -5.31978
    -5.31052
    -5.30001
    -5.32001
    -5.32599
    -5.33339
    -5.31486
    -5.32231
    -5.32044
    -5.32123
    -5.30788
     -5.3011
    -5.30375
    -5.27719
    -5.30876
    -5.30828
    -5.30888
     -5.3012
    -5.29766
    -5.29674
    -5.29619
    -5.28902
    -5.29561
    -5.29181
    -5.28961
    -5.29024
     -5.2827
    -5.27887
    -5.28046
    -5.26726
    -5.27488
    -5.28102
    -5.27541
    -5.26749
    -5.26914
    -5.26461
    -5.25771
    -5.26374
    -5.26993
    -5.45402
    -5.46024
    -5.45079
    -5.43853
    -5.44393
     -5.4322
    -5.41994
    -5.45796
    -5.46653
    -5.43986
    -5.48177
    -5.43432
    -5.41741
    -5.47984
    -5.45278
    -5.42181
    -5.44097
     -5.4319
    -5.40098
    -5.42797
    -5.42786
    -5.47858
    -5.38896
    -5.44698
    -5.43001
    -5.46313
    -5.40284
    -5.43639
    -5.41791
    -5.48851
    -5.38328
    -5.44293
    -5.41258
     -5.4681
    -5.38163
    -5.40911
    -5.39248
    -5.39475
    -5.36758
    -5.38573
    -5.37327
    -5.38062
    -5.34674
    -5.39366
    -5.38937
    -5.42264
    -5.32247
    -5.39802
    -5.38344
    -5.43048
    -5.39239
    -5.38241
    -5.40134
    -5.38816
    -5.37348
    -5.39792
    -5.38911
    -5.37919
    -5.42025
    -5.39143
    -5.36395
    -5.38377
    -5.37643
    -5.35478
    -5.37806
    -5.37454
    -5.34309
    -5.37081
    -5.34031
    -5.33779
    -5.36918
    -5.36541
    -5.42813
    -5.33865
    -5.36077
    -5.36105
    -5.37349
    -5.32138
    -5.37326
    -5.48991
    -5.48974
    -5.50716
     -5.4975
    -5.53797
    -5.52505
    -5.49116
    -5.53773
    -5.51404
    -5.49479
    -5.54976
    -5.46567
    -5.51445
    -5.49087
    -5.53983
    -5.42027
    -5.51265
    -5.49428
    -5.53862
    -5.50214
    -5.48753
    -5.52516
    -5.49427
    -5.45028
    -5.48976
    -5.47731
    -5.45877
     -5.4985
    -5.43083
     -5.4495
    -5.48292
    -5.41931
    -5.45228
    -5.43495
    -5.46232
    -5.40721
    -5.46269
    -5.44092
    -5.45646
    -5.40067
    -5.42655
    -5.41652
    -5.40916
    -5.38285
    -5.39661
    -5.39691
    -5.41229
    -5.36508
    -5.41732
    -5.41164
    -5.43586
    -5.41462
    -5.40423
    -5.42296
     -5.4068
     -5.3955
    -5.39954
     -5.4057
    -5.40036
    -5.40476
    -5.40396
    -5.40033
     -5.4211
      -5.416
    -5.48175
    -5.37543
    -5.38815
    -5.38807
    -5.37225
    -5.38575
    -5.34308
    -5.54657
    -5.51432
     -5.5426
    -5.52124
    -5.51514
    -5.50801
    -5.56998
    -5.51794
    -5.49375
    -5.51227
    -5.49644
    -5.47882
    -5.50639
     -5.4895
    -5.46423
    -5.49152
    -5.46295
    -5.45013
    -5.48862
    -5.47589
    -5.53479
    -5.44558
    -5.46335
    -5.45343
    -5.43265
     -5.4525
    -5.45633
    -5.49908
    -5.43935
    -5.46796
    -5.40402
    -5.38474
    -5.36894
    -5.38479
    -5.36362
    -5.36441
    -5.38482
    -5.39343
    -5.40748
    -5.37219
    -5.38198
    -5.38463
    -5.39714
    -5.35768
     -5.3929
    -5.54648
    -5.53919
    -5.54961
    -5.54451
    -5.59544
    -5.50585
    -5.56456
     -5.5506
    -5.58084
    -5.48371
    -5.56709
    -5.53704
    -5.58811
      -5.548
    -5.52196
    -5.54441
    -5.53014
    -5.51627
    -5.53177
    -5.54012
    -5.49147
    -5.48386
    -5.49123
    -5.49323
    -5.48453
    -5.48943
    -5.47859
    -5.46553
    -5.47612
     -5.4676
    -5.45757
    -5.47152
    -5.46549
    -5.48349
    -5.45578
    -5.46105
    -5.45713
    -5.46418
    -5.44707
    -5.45336
    -5.44762
    -5.45416
    -5.42511
     -5.4471
    -5.42955
    -5.43448
    -5.43682
    -5.42901
    -5.43072
    -5.42784
    -5.42091
    -5.42804
    -5.42341
    -5.42752
    -5.43283
    -5.42243
    -5.41762
    -5.41881
    -5.41382
    -5.41038
    -5.42689
    -5.42525
    -5.41058
    -5.42062
    -5.41335
    -5.40148
    -5.41239
    -5.41082
     -5.4041
    -5.41387
     -5.4086
    -5.40178
    -5.40562
    -5.39292
    -5.39799
     -5.4094
    -5.40752
    -5.41815
    -5.39566
    -5.40492
    -5.40285
    -5.40891
     -5.3997
    -5.57296
    -5.55893
    -5.59658
    -5.58188
    -5.52662
    -5.54534
      -5.551
    -5.53728
    -5.53318
    -5.53754
    -5.52791
    -5.52124
    -5.52567
    -5.52326
    -5.51521
    -5.51885
    -5.51115
    -5.50354
    -5.50296
    -5.50539
    -5.52943
    -5.55621
     -5.5623
    -5.55948
    -5.58343
    -5.55098
    -5.54927
    -5.58174
    -5.56091
    -5.53933
    -5.55693
    -5.52529
    -5.50765
    -5.51931
    -5.50428
     -5.4974
    -5.50404
    -5.51447
    -5.49322
    -5.53475
    -5.51818
    -5.49776
    -5.53076
    -5.50899
    -5.48312
    -5.50394
    -5.52132
     -5.5657
    -5.48909
    -5.51906
     -5.5117
    -5.55382
    -5.48881
    -5.52501
     -5.5135
    -5.52116
      -5.468
    -5.49302
    -5.50146
    -5.53238
    -5.47131
    -5.49846
    -5.47889
    -5.40775
    -5.52544
    -5.52934
    -5.52463
    -5.54509
    -5.55108
    -5.55089
    -5.60521
    -5.56935
    -5.60028
    -5.56653
     -5.6141
    -5.58092
    -5.63245
    -5.54606
     -5.5741
    -5.56419
    -5.58158
    -5.52814
     -5.5629
    -5.56895
    -5.60429
    -5.62337
    -5.52158
    -5.53707
    -5.54035
    -5.56952
    -5.56985
    -5.63847
    -5.54224
     -5.5955
    -5.57667
     -5.6361
    -5.53657
    -5.57887
    -5.54752
    -5.49894
    -5.53616
    -5.49081
    -5.51169
    -5.51655
    -5.45817
    -5.48566
    -5.46819
    -5.51216
    -5.49531
    -5.49088
    -5.51412
    -5.48006
    -5.47404
    -5.49941
    -5.49607
    -5.61613
    -5.54935
    -5.55945
    -5.52747
    -5.58011
    -5.57918
    -5.66518
     -5.6198
    -5.56903
     -5.6463
    -5.63454
    -5.58242
    -5.62946
    -5.60553
    -5.55115
    -5.57797
    -5.57978
    -5.59506
    -5.63757
    -5.66663
    -5.66551
    -5.66961
    -5.67047
    -5.66182
    -5.65888
    -5.63644
    -5.66698
    -5.58432
    -5.59758
    -5.58654
    -5.63844
    -5.53276
    -5.58471
    -5.57685
    -5.64138
    -5.53808
    -5.59072
    -5.55036
    -5.61924
    -5.47944
    -5.58365
    -5.55869
    -5.60534
    -5.56678
    -5.53453
    -5.62874
    -5.57274
    -5.53651
    -5.58899
    -5.57344
    -5.67989
    -5.53587
     -5.5849
    -5.53687
    -5.56371
     -5.5232
    -5.53119
    -5.51847
    -5.51332
    -5.52175
    -5.54292
    -5.54163
     -5.5501
     -5.5373
    -5.51287
     -5.5458
    -5.54159
    -5.53038
    -5.54311
    -5.53901
    -5.56796
    -5.51909
    -5.53623
    -5.53841
    -5.54669
    -5.51981
    -5.53767
    -5.52595
    -5.54268
    -5.51113
    -5.53656
    -5.52827
     -5.6254
     -5.5815
    -5.54465
    -5.60164
    -5.57617
    -5.56357
    -5.53136
    -5.54833
    -5.53733
    -5.52698
    -5.54397
    -5.53794
    -5.52905
     -5.5477
    -5.53858
    -5.53716
    -5.54591
    -3.19527
    -3.19515
    -3.18659
    -3.19641
    -3.19439
    -3.18883
    -3.19535
     -3.1888
     -3.1915
    -3.19506
    -3.18525
    -3.18546
     -3.2013
    -3.18286
    -3.17581
    -3.15555
     -3.1738
    -3.16429
    -3.09273
    -3.10619
    -3.09013
     -3.2182
    -3.11992
      -3.096
    -3.17386
    -3.26242
    -3.12831
    -3.12667
     -3.1244
     -3.1253
    -3.12534
    -3.12726
    -3.12285
     -3.1207
    -3.11825
    -3.12686
    -3.12067
    -3.12236
    -3.11073
    -3.12032
    -3.12998
    -3.12842
    -3.12112
    -3.10591
    -3.11984
    -3.10779
    -3.11487
    -3.19789
    -3.16354
    -3.10885
    -3.11185
    -3.20137
    -3.20151
    -3.18739
    -3.15848
    -3.20755
    -3.19754
    -3.19783
    -3.21775
    -3.20373
    -3.20443
    -3.18983
    -3.19683
    -3.17939
    -3.19062
    -2.99638
     -3.1171
    -3.11665
    -3.17742
    -3.10516
    -3.10996
    -3.21236
     -3.1535
    -3.12411
    -3.19503
    -3.13948
    -3.13058
    -3.19096
    -3.15005
    -3.10271
    -3.09949
    -3.10201
    -3.09386
    -3.09892
    -3.09651
    -3.09805
    -3.08743
    -3.09332
    -3.09031
    -3.07839
    -3.08604
    -3.09531
    -3.11563
    -3.11574
    -3.10973
    -3.11515
    -3.11747
    -3.11087
    -3.11558
     -3.1098
    -3.11474
    -3.11408
    -3.11189
     -3.1156
    -3.10154
     -3.0997
    -3.10831
    -3.10638
     -3.0957
    -3.10299
    -3.10256
    -3.09377
    -3.10706
    -3.10252
    -3.09833
    -3.10351
    -3.10399
    -3.09917
    -3.10504
    -3.10432
    -3.09597
    -3.09858
     -3.0921
    -3.09981
     -3.0978
    -3.09562
    -3.08759
    -3.08907
    -3.10249
    -3.11697
    -3.09399
    -3.08317
    -3.07879
    -3.10552
    -3.08723
    -3.08417
     -3.0957
    -3.08198
    -3.08645
    -3.05795
    -3.06397
    -3.07003
    -3.06881
    -3.05166
    -3.05638
    -3.02315
    -3.10479
    -3.11089
    -3.10831
    -3.11362
    -3.10502
     -3.1042
    -3.13244
    -3.11259
    -3.10745
    -3.09176
    -3.10681
    -3.10698
    -3.10516
    -3.09476
    -3.10172
    -3.09631
    -3.20746
    -3.10307
    -3.09639
    -3.08329
    -3.08552
    -3.11228
     -3.1086
    -3.09778
     -3.0849
    -3.07825
    -3.10401
    -3.09574
    -3.09197
    -3.09452
    -3.09348
    -3.09879
    -3.08417
    -3.07417
    -3.07999
    -3.05911
    -3.09865
    -3.11639
    -3.10742
    -3.10701
     -3.1141
    -3.10705
    -3.10479
    -3.10087
    -3.10718
    -3.10309
    -3.11005
    -3.10126
    -3.09857
    -3.08736
    -3.18655
    -3.10425
    -3.09255
    -3.09483
    -3.09824
    -3.10231
    -3.11056
    -3.08986
    -3.09467
    -3.09332
    -3.08918
    -3.08552
    -3.07971
     -3.0887
    -3.09543
    -3.08516
    -3.08273
    -3.07845
    -3.08576
    -3.06763
    -3.11334
    -3.10941
    -3.10342
    -3.10139
    -3.10428
    -3.10783
    -3.10152
    -3.11122
    -3.09997
    -3.10041
    -3.10747
    -3.10382
    -3.10207
    -3.11514
    -3.10753
    -3.10158
    -3.10728
    -3.07114
    -3.08534
    -3.07241
    -3.06741
    -3.06154
    -3.05984
    -3.06203
    -3.06286
    -3.07635
    -3.05947
    -3.08531
    -3.08818
    -3.08639
    -3.08459
    -3.07387
    -3.08461
    -3.07779
    -3.08219
    -3.09324
    -3.08613
    -3.07926
    -3.07975
    -3.08023
    -3.08476
     -3.0923
    -3.07895
    -3.07676
    -3.13301
    -3.08135
    -3.07357
    -3.06361
    -3.07965
    -3.04922
    -3.05967
     -3.0497
    -3.03439
    -3.02213
    -3.05209
    -3.04251
     -3.0424
    -2.99583
    -3.11066
    -3.12016
    -3.10869
    -3.09774
    -3.09248
    -3.09064
    -3.09543
    -3.08523
    -3.08762
    -3.07889
    -3.08237
     -3.0765
    -3.08768
    -3.07975
    -3.06633
    -3.07771
    -3.08335
    -3.08974
    -3.08763
    -3.08219
    -3.07689
    -3.06659
    -3.07891
    -3.08234
    -3.07651
    -3.08536
    -3.07111
    -3.07183
    -3.11543
    -3.07725
    -3.06428
    -3.07829
    -3.06243
    -3.06302
    -3.06775
    -3.05894
    -3.06459
    -3.07965
    -3.05712
    -3.05753
    -3.04492
    -3.04976
    -3.05088
    -3.04824
    -3.03512
    -3.03941
     -3.0368
    -2.99158
    -3.12407
    -3.17959
    -3.11831
     -3.1183
    -3.11501
    -3.11677
    -3.08191
    -3.08746
    -3.08295
    -3.08692
    -3.08069
    -3.08833
    -3.07958
    -3.08269
    -3.10289
    -3.09178
    -3.08737
    -3.08787
    -3.08587
    -3.08176
     -3.0816
    -3.08909
    -3.07982
    -3.08087
    -3.10708
    -3.08114
    -3.08124
    -3.06858
    -3.08181
    -3.08008
    -3.07879
    -3.08208
    -3.07608
    -3.09302
    -3.09436
    -3.08666
    -3.08945
    -3.08552
     -3.1161
    -3.09609
    -3.08251
    -3.08615
    -3.08179
     -3.0867
    -3.09014
    -3.08402
      -3.083
     -3.0828
    -3.08353
    -3.08423
     -3.0796
    -3.07733
    -3.07604
    -3.04781
    -3.06333
    -2.93596
    -3.08822
    -3.08518
     -3.0867
    -3.08714
    -3.08456
     -3.0692
    -3.08969
    -3.08248
    -3.08382
    -3.08235
    -3.08364
    -3.08951
    -3.09069
    -3.08716
    -3.07781
    -3.08672
    -3.08798
    -3.08905
    -3.09421
    -3.08544
    -3.08302
    -3.07292
    -3.10196
    -3.09229
    -3.09216
    -3.09124
    -3.09556
    -3.09441
    -3.08766
    -3.10066
    -3.09184
    -3.09135
     -3.1022
    -3.09941
    -3.08536
    -3.08731
    -3.09679
    -3.09967
    -3.14307
    -3.09161
    -3.08822
    -3.09043
    -3.08306
    -3.10108
    -3.08253
    -3.10327
    -3.08335
    -3.08007
    -3.08429
    -3.08559
    -3.07742
    -3.08779
    -3.08186
    -3.07506
    -3.09709
    -3.09365
    -3.09411
    -3.09006
    -3.09272
    -3.09387
    -3.08676
    -3.09636
    -3.09076
    -3.09162
    -3.08199
    -3.08855
    -3.07761
    -3.06497
    -3.08468
    -3.08238
    -3.08359
    -3.08281
    -3.07963
    -3.09809
    -3.09265
    -3.09071
    -3.09198
    -3.09568
    -3.09226
    -3.09359
    -3.09425
    -3.09758
    -3.08505
    -3.01065
    -3.03885
     -3.1035
    -3.07404
    -3.09052
    -3.08985
    -3.09775
    -3.08309
    -3.31164
    -3.21203
    -3.19595
    -3.20496
    -3.18247
    -3.17586
    -3.18255
    -3.17592
    -3.17738
    -3.17174
     -3.1708
    -3.15481
    -3.16832
    -3.16346
    -3.15126
    -3.15384
    -3.14715
    -3.15865
    -3.17292
    -3.14425
    -3.17941
     -3.1126
    -3.10366
    -3.11352
    -3.17536
    -3.02063
    -3.02077
    -3.01933
    -3.01386
    -3.01734
    -3.01316
    -3.07975
    -3.02273
    -3.21355
    -3.16236
      -3.159
    -3.15974
    -3.14408
    -3.15307
    -3.15187
    -3.14958
    -3.14081
    -3.14608
    -3.14449
    -3.13862
    -3.13458
     -3.1256
     -3.1263
    -3.12534
    -3.12323
    -3.12251
    -3.11549
    -3.10892
    -3.16039
    -3.13172
    -3.11512
    -3.10308
    -3.12801
    -3.14859
    -3.10314
    -3.10259
    -3.09833
    -3.10131
    -3.08554
    -3.09468
    -3.10939
    -3.08975
    -3.10131
    -3.17223
    -3.07467
    -3.21441
    -3.10784
    -3.15381
     -3.1613
    -3.14078
    -3.14707
    -3.14275
    -3.12622
    -3.12541
     -3.1307
    -3.12611
    -3.12059
    -3.11856
    -3.10585
    -3.11013
    -3.12098
     -3.1078
    -3.10264
    -3.10183
    -3.09481
    -3.10262
    -3.10135
    -3.09565
    -3.08794
    -3.08607
    -3.08745
    -3.08808
    -3.07959
    -3.07385
    -3.07627
    -3.07894
    -3.07011
     -3.0701
    -3.06519
    -3.04924
    -3.05374
     -3.0617
    -3.05401
    -3.05272
    -3.04424
    -3.04498
    -3.17163
    -3.20863
    -3.06763
    -3.11427
    -3.00997
    -3.17438
    -3.16435
    -3.17148
    -3.16849
    -3.16219
    -3.16064
    -3.16525
    -3.15751
    -3.15899
    -3.15425
    -3.16026
    -3.15228
    -3.14729
    -3.15296
    -3.14428
     -3.1388
     -3.1418
    -3.13149
    -3.13791
    -3.13641
    -3.13381
    -3.12622
    -3.13103
    -3.13288
    -3.12143
    -3.12266
    -3.11346
    -3.11364
    -3.11744
    -3.11677
    -3.10452
    -3.10328
    -3.10784
    -3.09445
    -3.09632
    -3.09773
    -3.08673
    -3.09246
    -3.09452
    -3.08369
    -3.08451
    -3.08109
    -3.07665
    -3.07411
    -3.07504
    -3.07262
    -3.06873
    -3.06904
    -3.05313
    -3.05433
    -3.06291
    -3.05193
    -3.04725
    -3.04583
    -3.03564
    -3.03566
     -3.0405
    -3.03897
    -3.02885
    -3.02941
    -3.02041
    -3.02212
    -3.02933
     -3.0233
    -3.08572
     -3.0213
    -3.01541
    -3.01882
    -3.05517
    -3.01912
    -3.15617
    -3.09259
    -3.13398
    -3.08818
    -2.97463
    -3.11006
    -3.11244
    -3.10922
     -3.1097
     -3.1066
    -3.10317
    -3.09892
    -3.10176
    -3.10205
    -3.09485
    -3.09253
    -3.09638
    -3.09186
    -3.09082
    -3.09111
    -3.08279
    -3.08108
    -3.08374
    -3.07108
    -3.07623
    -3.07625
    -3.06806
    -3.05945
    -3.06521
     -3.0584
      -3.058
    -3.05123
    -3.05143
    -3.05861
    -3.05437
    -3.05071
    -3.04433
    -3.05136
     -3.0421
    -3.03666
    -3.03996
    -3.03025
    -3.02994
    -3.03084
    -3.02251
    -3.03214
    -3.02657
    -3.01221
     -3.0091
    -3.01263
    -2.99958
    -3.00333
    -3.00707
      -3.008
    -3.00879
    -2.99986
    -2.98426
    -2.98942
    -2.99489
    -2.98966
    -2.98323
    -3.10949
    -3.05372
    -3.05573
    -2.99998
    -2.94511
    -2.93734
    -3.11899
    -3.11782
    -3.11695
    -3.11998
    -3.11939
    -3.11807
    -3.11227
    -3.12367
    -3.11203
    -3.15237
    -3.11685
    -3.10768
    -3.13796
    -3.12506
    -3.13065
    -3.16695
    -3.11846
    -3.12921
    -3.13359
    -3.10311
    -3.06135
    -3.16621
    -3.11678
    -3.10788
     -3.0966
    -3.12506
    -3.11027
    -3.07371
    -3.11974
    -3.11224
    -3.05706
    -3.12766
    -3.09771
    -3.04913
    -3.02718
     -3.0642
    -3.07231
    -3.02963
    -3.02346
     -3.0216
    -3.01713
    -3.01239
    -3.01567
    -3.02165
     -3.0102
    -3.00809
    -2.99916
    -2.99715
    -3.00446
    -3.00272
      -2.993
    -2.99158
    -2.98809
    -2.97676
    -2.98222
    -2.98401
    -2.97543
    -2.98666
    -2.97173
    -2.96327
    -2.96535
    -2.96688
    -2.95938
    -2.95468
    -2.95752
    -2.95685
    -2.95525
    -3.10853
    -3.01666
    -3.01412
    -3.07117
    -2.99482
    -2.95342
    -2.90153
    -3.10919
    -3.16356
    -3.14322
    -3.12288
    -3.13548
    -3.13988
    -3.13617
    -3.12102
    -3.13285
     -3.1574
    -2.96811
    -2.96409
    -3.02102
    -2.87608
    -2.86936
    -2.92498
     -2.9234
    -3.01085
    -2.99362
    -2.99825
    -3.02492
    -2.98612
    -2.97416
    -3.01989
    -2.97984
    -2.97548
    -3.01065
    -2.97777
     -2.9596
    -2.92791
    -3.01816
    -2.97965
    -2.95826
    -2.94835
    -3.00304
     -2.9667
    -2.96997
    -2.93088
    -2.95191
    -2.95328
    -2.91596
    -2.96462
    -2.94573
    -2.92147
    -2.95428
    -2.94326
    -2.92442
    -2.94704
       -2.92
    -2.90468
    -3.02669
    -2.89521
    -7.77161
    -7.65341
    -7.65849
    -7.64122
    -7.65289
    -7.68258
     -7.6583
    -7.68074
    -7.66057
    -7.64523
    -7.66652
    -7.64555
    -7.67882
     -7.6194
    -7.57834
    -7.55999
    -7.55028
    -7.53592
     -7.5534
    -7.54676
    -7.55109
    -7.53895
    -7.54814
    -7.54864
    -7.55654
    -7.59603
    -7.61054
    -7.61929
    -7.61101
    -7.64034
    -7.58064
    -7.62337
    -7.61981
    -7.61554
    -7.62107
    -7.62759
    -7.62352
    -7.62589
    -7.60974
    -7.63074
     -7.6205
    -7.62847
    -7.62163
     -7.6309
    -7.63822
    -7.63018
    -7.63594
    -7.64123
     -7.6378
    -7.64709
    -7.63855
    -7.66438
    -7.64783
    -7.65294
    -7.63291
    -7.65394
    -7.71699
    -7.68297
    -7.67204
    -7.72638
    -7.68896
    -7.70488
    -7.71153
    -7.72059
     -7.7118
    -7.69577
    -7.64181
    -7.58832
    -7.57769
    -7.58358
     -7.5705
    -7.57122
    -7.56629
    -7.58874
    -7.57234
    -7.58729
    -7.57694
    -7.60417
    -7.61382
    -7.61599
    -7.61286
    -7.61989
    -7.61225
    -7.61991
    -7.60291
    -7.62767
    -7.62598
    -7.63911
    -7.61343
    -7.61095
    -7.60653
    -7.61199
     -7.6224
    -7.61788
    -7.62135
    -7.60595
    -7.61328
    -7.61794
    -7.61395
    -7.62313
     -7.6372
    -7.62085
    -7.63234
    -7.60316
    -7.63472
    -7.63015
    -7.64209
    -7.63365
    -7.63965
    -7.64694
    -7.63857
    -7.66548
    -7.67409
    -7.65177
    -7.68655
    -7.65507
    -7.67061
    -7.66034
    -7.68278
    -7.70555
    -7.71144
     -7.7116
    -7.69789
    -7.67945
    -7.68836
     -7.6711
      -7.727
    -7.68105
    -7.68595
    -7.68106
    -7.68644
    -7.70337
    -7.68902
    -7.71155
    -7.67023
    -7.72981
    -7.70182
    -7.69971
     -7.6971
    -7.71564
    -7.72524
    -7.70604
    -7.72869
    -7.73918
     -7.7226
    -7.73444
    -7.68596
    -7.78953
    -7.75458
    -7.68459
    -7.65379
    -7.75546
    -7.69966
    -7.72578
    -7.68055
    -7.71689
    -7.73149
    -7.68596
    -7.74751
    -7.78344
     -7.7496
    -7.71994
     -7.6548
    -7.78297
    -7.72745
    -7.75359
     -7.6839
    -7.74555
    -7.73027
    -7.69649
    -7.68578
    -7.65705
    -7.67351
    -7.62791
    -7.65382
    -7.60454
    -7.69111
    -7.66743
    -7.64442
    -7.62183
    -7.63572
      -7.682
    -7.63374
    -7.66612
    -7.71048
    -7.64071
    -7.67618
    -7.62006
    -7.69723
    -7.67431
    -7.70564
    -7.64698
    -7.69264
    -7.69461
    -7.69192
    -7.70968
     -7.8109
    -7.75908
    -7.80604
    -7.73997
    -7.74154
    -7.72735
    -7.76404
    -7.75504
    -7.75263
    -7.74819
    -7.78779
    -7.79635
    -7.58176
    -7.61722
    -7.59045
    -7.67756
    -7.61022
    -7.63069
    -7.61052
    -7.62662
    -7.67571
    -7.61767
    -7.65015
    -7.67841
    -7.64624
    -7.65158
    -7.61085
    -7.65755
     -7.6274
    -7.66464
    -7.61911
    -7.71342
    -7.64766
    -7.67674
    -7.61894
     -7.6505
    -7.68539
    -7.66049
    -7.63231
    -7.61437
    -7.62651
    -7.64404
    -7.64168
    -7.65636
    -7.69642
    -7.66778
    -7.68483
    -7.71693
    -7.65966
    -7.70649
    -7.60927
    -7.76486
    -7.70397
    -7.70501
     -7.6508
    -7.69341
    -7.73013
    -7.67382
    -7.70238
    -7.69718
    -7.69768
    -7.72914
    -7.70139
    -7.72445
    -7.66309
    -7.72827
    -7.72739
     -7.7111
    -7.73435
    -7.67623
    -7.76195
    -7.76666
    -7.60207
        -7.6
    -7.56765
     -7.6279
    -7.59345
     -7.6101
    -7.57578
    -7.61346
    -7.61083
     -7.5857
    -7.59121
    -7.63418
    -7.61494
    -7.68373
    -7.56932
    -7.58375
    -7.58343
    -7.59095
    -7.60141
    -7.59707
    -7.60997
    -7.58439
    -7.61202
     -7.6111
     -7.6116
    -7.60227
     -7.6066
    -7.61408
    -7.60014
    -7.59288
     -7.5482
    -7.55338
    -7.54373
    -7.54869
    -7.55387
    -7.57443
    -7.55457
    -7.56324
    -7.55371
    -7.56324
    -7.56563
    -7.55945
     -7.5682
    -7.57214
    -7.57124
     -7.5762
    -7.56702
     -7.5765
    -7.58071
    -7.57218
    -7.56877
    -7.58687
     -7.5765
    -7.58806
    -7.60396
    -7.58355
    -7.59504
    -7.59263
    -7.59472
    -7.64191
    -7.63276
    -7.61995
    -7.63147
    -7.61189
    -7.61485
    -7.60743
    -7.63655
    -7.61779
    -7.63045
    -7.61606
    -7.63687
     -7.6404
    -7.63452
    -7.63051
    -7.58823
    -7.64036
    -7.63788
    -7.65275
    -7.62133
    -7.67602
    -7.65215
    -7.66377
    -7.64271
    -7.66089
    -7.67781
     -7.6718
    -7.67996
    -7.70233
    -7.68049
    -7.68785
    -7.54486
    -7.54473
    -7.53989
     -7.5467
    -7.54825
    -7.54564
    -7.55937
    -7.51546
    -7.61971
    -7.59586
    -7.68857
    -7.62632
    -7.64758
    -7.59384
    -7.60799
    -7.64079
    -7.60613
    -7.62272
    -7.58019
    -7.64306
     -7.6364
    -7.64364
    -7.58931
    -7.66937
      -7.616
    -7.60421
    -7.58873
    -7.60284
    -7.63382
    -7.61996
     -7.6574
    -7.61638
     -7.6769
    -7.64452
    -7.65897
    -7.59661
    -7.70777
    -7.66439
    -7.69651
    -7.61112
    -7.67256
      -7.701
    -7.65203
    -7.68578
    -7.66069
    -7.66546
    -7.69078
    -7.62489
    -7.74932
    -7.71611
    -7.69221
    -7.65218
    -7.67463
    -7.60503
    -7.72161
    -7.64068
    -7.55511
    -7.57783
    -7.56067
    -7.57876
    -7.51457
    -7.59812
    -7.55052
    -7.58311
    -7.55611
    -7.61942
    -7.58358
     -7.6028
    -7.57307
    -7.58994
    -7.62118
    -7.57597
     -7.6177
    -7.53178
     -7.6704
     -7.6138
    -7.64091
    -7.71127
    -7.71458
    -7.60898
    -7.77539
    -7.68434
    -7.73047
    -7.67829
    -7.79172
     -7.7145
    -7.70665
    -7.58533
    -7.57306
    -7.53742
    -7.57618
     -7.5701
    -7.49802
    -7.61529
    -7.59237
    -7.68571
    -7.64879
    -7.67058
    -7.70061
    -7.59866
    -7.68554
    -7.59597
    -7.60282
    -7.61329
    -7.64442
    -7.64062
     -7.6195
    -7.63314
    -7.63212
    -7.58538
    -7.62867
    -7.66758
    -7.61317
    -7.65118
    -7.57273
     -7.6558
    -7.61966
    -7.61967
    -7.60462
     -7.7481
    -7.72947
    -7.66288
    -7.68804
    -7.64921
    -7.56879
    -7.73928
    -7.54402
    -7.56754
    -7.65411
    -7.60387
    -7.59996
    -7.62686
    -7.56374
    -7.61594
    -7.56181
    -7.61106
      -7.633
    -7.57613
    -7.60926
    -7.69396
    -7.49432
    -7.52665
    -7.53407
    -7.52388
    -7.52991
    -7.54274
    -7.52346
    -7.54218
    -7.51407
    -7.54398
    -7.52288
    -7.54044
    -7.52004
    -7.54755
    -7.55976
    -7.54385
    -7.57489
    -7.58842
    -7.56098
    -7.57698
    -7.54981
    -7.61129
    -7.57264
    -7.59003
    -7.55771
     -7.5653
    -7.59736
    -7.56572
    -7.58415
    -7.60967
    -7.55682
    -7.58099
    -7.59699
    -7.56407
    -7.67351
    -7.49559
    -7.47775
    -7.50784
    -7.49506
      -7.511
    -7.49171
    -7.50747
    -7.53266
    -7.50283
    -7.51997
    -7.53672
    -7.51832
    -7.52494
    -7.49727
    -7.55172
     -7.5193
    -7.52012
     -7.5183
    -7.55019
    -7.62572
    -7.59035
    -7.62004
    -7.55393
    -7.67679
    -7.61048
    -7.58247
    -7.57557
    -7.61932
    -7.62452
    -7.58306
    -7.63217
    -7.58366
    -7.64457
    -7.60581
    -7.61825
    -7.51595
    -7.46622
    -7.45962
    -7.49991
    -7.48529
    -7.50731
    -1.13978
    -1.15205
    -1.14271
    -1.14666
    -1.15199
    -1.15894
    -1.15208
    -1.16207
    -1.14866
    -1.17878
    -1.01306
    -1.01983
    -1.01488
    -1.02837
    -1.03372
    -1.03005
    -1.03173
    -1.03928
    -1.04002
    -1.03411
    -1.04007
    -1.04011
    -1.03843
    -1.04714
    -1.14105
    -1.13158
    -1.09367
    -1.15914
    -1.16158
     -1.1741
    -1.17018
   -0.913195
   -0.939373
    -0.93481
    -0.93082
   -0.936189
   -0.940775
   -0.945149
   -0.943943
   -0.945113
   -0.971284
   -0.946424
    -0.94861
   -0.981677
    -1.00754
    -1.03827
    -1.11305
   -0.979302
     -1.0053
    -1.07546
    -0.97663
   -0.972289
   -0.967628
   -0.985427
    -0.98561
   -0.980733
   -0.988752
   -0.988415
    -0.99368
   -0.993609
     -1.0001
    -1.00008
   -0.999896
   -0.998163
    -1.00301
   -0.837523
   -0.860693
   -0.857861
   -0.856569
   -0.867018
   -0.866663
   -0.867301
   -0.867979
    -0.86606
   -0.871235
   -0.874175
   -0.873162
   -0.884371
   -0.880517
   -0.880093
   -0.884195
    -0.88709
   -0.933188
   -0.893722
   -0.890416
    -0.90561
   -0.897915
   -0.898477
   -0.912696
   -0.909781
   -0.911132
   -0.907936
   -0.910916
   -0.915951
    -0.91585
   -0.917838
   -0.920047
   -0.920617
   -0.918743
   -0.915802
   -0.916941
   -0.920973
   -0.781201
   -0.769014
   -0.782465
   -0.783889
   -0.794615
   -0.788997
   -0.789222
   -0.794259
    -0.78902
   -0.799683
   -0.797973
   -0.802787
   -0.810295
   -0.806211
   -0.805736
   -0.804054
   -0.805865
   -0.857059
   -0.817191
   -0.812627
   -0.812024
    -0.82382
   -0.817127
    -0.83278
   -0.825942
   -0.828374
   -0.830917
   -0.824907
   -0.824335
   -0.830521
    -0.82951
   -0.827167
   -0.829839
   -0.829177
    -0.83119
   -0.827344
   -0.831063
   -0.836568
   -0.831392
   -0.831816
   -0.696392
   -0.685201
   -0.698893
   -0.712422
    -0.70769
   -0.709772
   -0.715839
   -0.718171
     -0.7154
    -0.71795
   -0.721804
   -0.721706
    -0.72124
   -0.717632
   -0.743288
    -0.72664
    -0.72919
   -0.726967
   -0.775142
   -0.733041
   -0.731724
   -0.731709
   -0.742656
    -0.73714
   -0.739677
   -0.745349
   -0.746239
   -0.738345
   -0.739279
   -0.745188
   -0.739186
   -0.740131
   -0.743064
   -0.735928
   -0.739741
   -0.732334
   -0.737636
   -0.745024
   -0.731114
   -0.735883
   -0.736609
   -0.734775
   -0.622304
   -0.606105
   -0.616275
   -0.626965
    -0.62787
   -0.632176
   -0.628766
   -0.633586
   -0.632833
   -0.646443
    -0.63225
   -0.636811
   -0.640772
   -0.635248
   -0.667872
    -0.64475
    -0.64076
   -0.642689
   -0.656259
   -0.652191
   -0.647985
   -0.642971
   -0.673704
   -0.641793
   -0.657295
   -0.656823
   -0.649702
   -0.652287
   -0.659814
   -0.649084
   -0.653335
    -0.66633
   -0.642386
   -0.653349
   -0.650454
   -0.643984
    -0.64555
   -0.653183
   -0.644114
   -0.643777
   -0.667933
    -0.63903
   -0.641412
   -0.649814
   -0.614433
   -0.644847
   -0.434039
   -0.551354
   -0.546503
    -0.56595
   -0.558674
   -0.555542
   -0.554808
   -0.570849
   -0.572283
   -0.574843
   -0.566101
   -0.574604
   -0.572826
   -0.573978
   -0.578011
    -0.57237
   -0.606767
   -0.571214
    -0.57511
   -0.580744
   -0.577946
   -0.582126
   -0.590764
   -0.585322
   -0.587981
   -0.586262
   -0.569878
   -0.584016
   -0.588036
   -0.578953
   -0.585031
   -0.587685
   -0.581209
   -0.588041
   -0.387506
   -0.479585
   -0.472557
   -0.491232
   -0.489383
    -0.49191
   -0.495215
   -0.498268
   -0.494954
   -0.498112
   -0.499719
   -0.504572
   -0.499115
   -0.505948
   -0.575269
   -0.572675
   -0.565774
   -0.573135
   -0.578002
   -0.546327
   -0.568134
   -0.569841
   -0.559629
   -0.565121
   -0.563916
   -0.558878
   -0.560317
   -0.564272
   -0.561926
   -0.560698
   -0.562141
   -0.559722
   -0.562901
   -0.552765
   -0.555072
    -0.49112
   -0.493553
   -0.530602
   -0.501625
    -0.49468
   -0.499623
   -0.503429
   -0.499558
   -0.500342
   -0.510427
   -0.502319
   -0.503238
   -0.510717
    -0.49215
   -0.497071
   -0.504578
    -0.49215
    -0.49071
   -0.483751
    -0.48823
   -0.495088
   -0.476285
   -0.479789
   -0.486198
   -0.486363
   -0.549711
   -0.538587
   -0.545675
   -0.551033
   -0.549009
   -0.539572
   -0.545778
   -0.550363
    -0.54428
   -0.544188
   -0.554823
   -0.534141
   -0.539237
   -0.538028
   -0.529762
   -0.532945
   -0.538199
   -0.535353
    -0.35714
   -0.371975
   -0.383572
   -0.374365
     -0.3947
   -0.388201
     -0.3898
   -0.387934
   -0.391753
   -0.407793
   -0.392088
   -0.399304
   -0.402767
   -0.397656
   -0.400906
   -0.398537
   -0.424947
    -0.40307
    -0.39447
   -0.401919
   -0.407378
   -0.386423
   -0.396962
   -0.400035
     -0.4056
   -0.410718
   -0.472522
   -0.476047
   -0.475428
   -0.467537
    -0.47357
   -0.461283
   -0.464455
   -0.467644
   -0.454598
   -0.459961
   -0.465028
   -0.450386
   -0.453132
   -0.459995
   -0.447311
   -0.534655
   -0.527535
   -0.534383
   -0.532608
   -0.392901
   -0.399178
   -0.389815
   -0.390153
    -0.40292
   -0.374334
   -0.383518
   -0.391017
   -0.377018
   -0.381308
   -0.373736
   -0.375186
   -0.383861
   -0.359069
   -0.372896
   -0.440825
   -0.442391
   -0.438704
   -0.437479
   -0.444468
   -0.430813
   -0.433274
   -0.436977
   -0.419146
   -0.424805
   -0.431005
   -0.419768
   -0.421587
   -0.435926
   -0.281385
   -0.255694
   -0.297255
   -0.319342
   -0.311526
   -0.305137
   -0.327842
   -0.322182
   -0.312151
   -0.361164
   -0.335897
   -0.294154
   -0.318621
   -0.340615
   -0.267891
   -0.311824
   -0.357844
   -0.356828
    -0.34237
   -0.353351
   -0.358304
   -0.343601
   -0.347383
   -0.331005
   -0.342338
   -0.343718
   -0.324109
   -0.329632
   -0.340277
   -0.417088
   -0.412686
   -0.414629
   -0.419936
   -0.405575
   -0.408019
   -0.413865
   -0.409982
   -0.318526
   -0.306038
   -0.320835
   -0.325112
   -0.309539
   -0.314328
   -0.298186
   -0.303346
    -0.31067
   -0.291009
   -0.305056
   -0.280656
   -0.287286
   -0.256887
     -0.2798
   -0.284159
   -0.273888
   -0.771366
   -0.774988
   -0.795352
    -0.78593
   -0.783085
   -0.788517
   -0.860655
   -0.814574
   -0.815872
   -0.794463
   -0.895239
   -0.882325
   -0.891858
   -0.754644
    -0.75947
   -0.772104
   -0.747512
   -0.758223
   -0.761121
   -0.772804
   -0.767587
   -0.770289
   -0.762215
   -0.789645
   -0.791779
   -0.690119
   -0.701646
   -0.746672
   -0.815268
   -0.731262
   -0.679258
    -0.69893
   -0.816607
   -0.844755
   -0.728687
   -0.711472
   -0.706974
   -0.737476
   -0.745232
   -0.745276
   -0.758758
   -0.753885
   -0.807276
   -0.804383
   -0.669494
   -0.671972
   -0.677119
   -0.674213
   -0.675512
   -0.672251
   -0.681792
   -0.680452
   -0.690338
   -0.690208
    -0.69414
   -0.699126
   -0.701972
   -0.696162
   -0.755769
   -0.709717
    -0.72894
    -0.74887
   -0.761457
   -0.728272
   -0.727041
    -0.74156
   -0.732273
   -0.732717
   -0.732321
   -0.737355
   -0.739932
   -0.772344
   -0.741329
   -0.743508
   -0.755062
   -0.743442
   -0.747938
   -0.755577
   -0.742725
   -0.756051
   -0.758178
   -0.757555
   -0.766678
   -0.772171
   -0.755357
   -0.768254
   -0.777447
   -0.765112
   -0.771469
   -0.784011
   -0.778604
   -0.782176
   -0.811943
   -0.785875
   -0.794965
   -0.604894
   -0.584394
   -0.584548
   -0.618629
   -0.585669
   -0.589232
   -0.594901
   -0.594411
   -0.611093
   -0.605295
   -0.604056
   -0.616066
   -0.621195
   -0.617335
   -0.629749
   -0.630713
   -0.649139
   -0.675991
   -0.640358
   -0.632928
   -0.670489
   -0.703465
   -0.639606
   -0.637277
   -0.649384
   -0.637647
   -0.642026
   -0.649423
    -0.63773
   -0.647874
   -0.652013
   -0.643838
   -0.653972
   -0.665516
    -0.62182
   -0.646931
   -0.669211
   -0.474387
   -0.486162
   -0.482248
   -0.478834
   -0.500476
   -0.481379
   -0.483121
   -0.486846
   -0.499955
   -0.498614
   -0.493882
   -0.482861
   -0.503958
   -0.646931
     -0.6747
   -0.651684
   -0.658948
   -0.660546
   -0.626189
   -0.665535
   -0.660674
   -0.661299
   -0.665249
   -0.679846
   -0.658892
   -0.669799
   -0.681615
   -0.666364
   -0.668628
   -0.681266
   -0.675273
   -0.697822
   -0.593289
   -0.480343
   -0.505456
   -0.520716
   -0.509298
    -0.51654
    -0.51327
   -0.511182
   -0.518691
   -0.522397
   -0.526356
   -0.527042
   -0.532906
    -0.53053
   -0.531331
   -0.551076
   -0.527279
   -0.532016
   -0.535028
   -0.525812
   -0.537569
   -0.538124
   -0.519413
   -0.531847
   -0.539147
   -0.532235
   -0.534302
   -0.545822
   -0.540287
   -0.543373
   -0.555147
   -0.528995
   -0.541082
   -0.542186
   -0.537257
    -0.55242
   -0.409616
   -0.408645
   -0.406205
   -0.408008
   -0.409892
   -0.419186
   -0.410688
   -0.411653
   -0.413842
   -0.421329
   -0.419837
   -0.419509
    -0.41877
   -0.425462
   -0.420438
   -0.421445
   -0.435653
   -0.416821
    -0.42515
   -0.427732
   -0.543807
   -0.538921
   -0.543506
   -0.561164
   -0.534155
   -0.546098
   -0.552444
    -0.55642
   -0.547521
   -0.292815
   -0.294732
   -0.308015
   -0.309773
   -0.314938
   -0.315419
   -0.427747
    -0.41964
   -0.421484
   -0.426265
   -0.404122
   -0.415793
   -0.421218
    -0.41751
   -0.421605
   -0.421092
   -0.417051
   -0.417095
   -0.431829
   -0.406715
    -0.41451
   -0.416576
    -0.41024
   -0.412511
   -0.392997
    -0.41108
   -0.402877
   -0.410086
    -0.39671
   -0.399338
   -0.408482
   -0.393478
   -0.395321
   -0.402763
   -0.398193
    -0.20618
   -0.257143
    -0.28275
    -0.33771
   -0.256544
   -0.257558
   -0.260885
    -0.26214
   -0.263653
    -0.29051
   -0.257005
   -0.265232
   -0.283716
   -0.255233
   -0.275694
   -0.280956
   -0.276268
   -0.292876
   -0.353799
