   0.0881137
   0.0603706
    0.087369
   0.0927908
    0.102857
   0.0728412
   0.0839291
   0.0900875
   0.0748393
   0.0960758
   0.0956373
   0.0816716
   0.0889803
   0.0429047
   0.0495845
   0.0219437
 -0.00560041
 -0.00199008
  0.00154571
  0.00313051
  -0.0015189
   0.0285289
 -0.00998026
 -0.00540213
 -0.00972265
   0.0304167
  -0.0176449
   0.0964297
   0.0713022
    0.117565
    0.113031
    0.128953
    0.112156
    0.105023
    0.106618
   0.0852303
   0.0791899
   0.0866261
   0.0813376
   0.0866225
    0.080022
   0.0710465
   0.0823358
   0.0779528
   0.0884945
   0.0846925
   0.0865023
   0.0798533
   0.0687588
   0.0315594
   0.0392875
   0.0312152
  0.00777248
  -0.0851362
   0.0108026
   0.0106199
   0.0107359
   0.0137078
  0.00496883
   0.0067485
 0.000177359
  -0.0119054
  0.00747506
  0.00144918
  0.00273897
 6.03461e-05
  0.00665673
-0.000406554
-0.000812417
  -0.0130585
   0.0028872
 -0.00337383
   0.0164119
  0.00360238
  0.00951446
-0.000229533
    0.015725
  -0.0137314
 -0.00152226
 -0.00886077
  0.00878568
  0.00020955
   0.0204158
  0.00489802
    0.116938
    0.086932
 -0.00883353
    0.126261
  -0.0389837
    0.128702
    0.120136
     0.12816
    0.124051
    0.107465
    0.111498
    0.101036
   0.0887075
   0.0966911
  0.00027929
  -0.0815719
   0.0102327
  0.00150443
  0.00243439
  0.00541012
 -0.00423673
 -0.00387347
 -0.00818764
-0.000123323
  -0.0124948
 -0.00368606
 -0.00826202
 -0.00507519
 -0.00741403
 -0.00815618
 -0.00272457
  -0.0145981
   0.0074629
  -0.0100916
 -0.00562674
 -0.00957242
 0.000162988
  -0.0375369
-0.000583144
  -0.0087142
  0.00242794
  0.00354779
  0.00150332
  0.00354006
  0.00169109
   0.0143245
  0.00419707
  0.00309876
 -0.00514025
  0.00166472
 -0.00471465
 0.000865313
  0.00401558
  -0.0131008
 -0.00908672
  -0.0416427
  0.00348386
  -0.0237603
 -0.00551442
 -0.00567366
  0.00123908
 -0.00889325
 -0.00337869
 -0.00146601
  -0.0195251
  -0.0174797
  -0.0100526
  -0.0358896
 -0.00286113
  -0.0108117
  0.00786135
  -0.0128685
  -0.0111838
 -0.00881105
  -0.0349712
  -0.0179902
  -0.0336092
  0.00418218
  -0.0345982
  -0.0241621
   -0.077552
  -0.0176804
  -0.0348618
 -0.00988936
  -0.0257462
  0.00472946
  -0.0144786
  -0.0191024
  -0.0796216
 -0.00521241
  -0.0390625
  -0.0172411
  -0.0555532
  0.00685307
  -0.0708769
   -0.052574
   -0.110243
  -0.0313023
  -0.0737143
  -0.0906863
  0.00100422
 -0.00283568
  0.00876993
 -0.00741335
 -0.00547943
  -0.0179917
   0.0031879
  -0.0266693
   0.0122297
 -0.00112111
   0.0173953
  0.00880518
   0.0125883
 -0.00189488
  0.00211597
  0.00789647
   0.0122857
-4.64794e-05
   0.0199316
 -0.00657704
-0.000889238
  -0.0106106
   0.0045873
  -0.0117583
   0.0142863
 -0.00241845
   0.0182209
  -0.0071142
 -0.00766674
  -0.0119241
   -0.019259
  -0.0362287
-1.94355e-05
  -0.0194101
   0.0189039
  -0.0103849
   -0.013992
  -0.0374857
  0.00413733
  -0.0281959
   0.0124441
  -0.0127902
   0.0236441
 -0.00918285
 -0.00336182
  -0.0157446
  -0.0126939
   -0.053952
   0.0114491
  -0.0613011
  -0.0352153
   -0.139232
   -0.052481
   -0.119907
   0.0046207
  -0.0196459
   -0.155025
 -0.00603128
   -0.026644
 -0.00287275
  -0.0184677
  -0.0166147
   0.0263688
   0.0194427
    0.014999
   0.0185366
  0.00410673
   0.0218623
   0.0217048
   0.0303299
   0.0183363
    0.023421
   0.0266699
   0.0184821
   0.0237294
   0.0139489
   0.0136432
   0.0179436
   0.0144817
   0.0288009
   0.0174825
   0.0315663
   0.0297779
   0.0231457
   0.0219751
   0.0246798
   0.0171887
  0.00701783
   0.0256673
    0.012916
   0.0174022
   0.0227383
   0.0236918
   0.0250598
   0.0133437
   0.0275681
   0.0200897
   0.0453878
   0.0220487
   0.0289941
   0.0243046
   0.0118414
   0.0280526
  -0.0840603
  -0.0246772
  -0.0744223
  -0.0971906
  0.00396171
  -0.0288753
  -0.0203981
 -0.00310027
   0.0161483
  0.00912441
    0.021606
   0.0139628
   0.0260455
   0.0155253
   0.0141441
   0.0153123
   0.0135593
   0.0137504
   0.0146387
   0.0127371
   0.0259868
 -0.00919446
  -0.0214827
 -0.00949067
  -0.0190184
   0.0179407
-0.000889363
  0.00550218
 -0.00549406
 -0.00745234
    -0.01289
  -0.0250816
  0.00180355
  -0.0369493
  -0.0224578
  -0.0608818
  -0.0106992
  -0.0286762
 -0.00153337
 -0.00973341
  0.00489445
  -0.0209999
  -0.0221187
   -0.059396
  -0.0265767
  -0.0671827
  -0.0370061
  -0.0682275
 -0.00199416
  -0.0332401
  -0.0117088
  -0.0601338
  -0.0178439
  -0.0315922
 -0.00177681
  -0.0396955
   0.0181683
  -0.0426986
 -0.00421682
   0.0289049
   0.0207054
   0.0274009
    0.018593
    0.023901
  -0.0217446
   0.0125506
  -0.0276969
   -0.012613
  -0.0191927
 0.000707857
  -0.0152493
  -0.0156659
  -0.0291882
  -0.0226295
  -0.0284264
  -0.0574217
  -0.0168766
  -0.0424173
  -0.0400536
  9.6675e-05
   0.0233337
 0.000674006
  0.00687585
  0.00239107
  0.00500941
  0.00100337
 -0.00503901
 -0.00098837
   0.0168387
   -0.011703
  -0.0418242
 -0.00238219
  -0.0203048
 -0.00125566
  -0.0172198
  -0.0225784
  -0.0209421
  -0.0475156
  -0.0138185
  -0.0291057
-0.000384318
   -0.022263
   -0.037764
  0.00364894
  -0.0482391
  -0.0165312
  -0.0151465
  0.00369478
  0.00253337
   0.0258256
-0.000959186
 -0.00492299
 -0.00203658
  -0.0126679
  -0.0211576
  -0.0171093
   -0.026338
  -0.0400733
  -0.0206734
  -0.0453845
 -0.00431044
  -0.0189737
 -0.00589371
  -0.0349777
  -0.0486844
  -0.0878032
  -0.0579192
   -0.103152
  -0.0342011
  -0.0471599
   0.0124757
  -0.0278867
   0.0350338
  -0.0175984
  -0.0262394
  -0.0680789
  -0.0257392
  -0.0641356
   0.0193392
  -0.0564042
  -0.0526533
  -0.0301325
  -0.0827374
  -0.0216195
  -0.0656802
   0.0117345
  -0.0523134
  -0.0555533
  -0.0948062
   -0.100354
  0.00790135
  0.00693432
-0.000525189
  0.00720021
  0.00368179
  0.00573509
  0.00741478
  0.00126165
 -0.00959275
-0.000913305
-0.000612594
  0.00270099
 -0.00344245
   -0.021314
 -0.00771443
  -0.0323856
 -0.00179898
  -0.0312295
  -0.0297382
  -0.0321038
 0.000269459
  -0.0171625
  -0.0175556
  -0.0322206
   0.0237901
  -0.0270544
  -0.0214671
 -0.00873667
  0.00149938
  -0.0421009
  0.00718837
  -0.0372759
  -0.0341669
  -0.0840691
  -0.0220409
  -0.0439937
 -0.00156703
  -0.0381067
  -0.0303444
  -0.0231071
   -0.082185
   0.0342811
  -0.0407373
   0.0362088
   0.0354953
    0.045927
   0.0424715
   0.0383243
   0.0273393
   0.0256465
   0.0346627
   0.0344214
   0.0274054
   0.0186943
   0.0330683
   0.0409274
   0.0320297
   0.0388329
   0.0322967
   0.0429521
   0.0254327
    0.024617
   -0.015024
     0.04196
   0.0295144
   0.0420754
   0.0311625
   0.0403613
    0.031842
   0.0395133
   0.0393245
   0.0258328
 7.01383e-05
  -0.0160332
  -0.0348576
  -0.0385762
  -0.0945588
  -0.0315619
  -0.0526372
  -0.0247964
  -0.0729071
  -0.0614051
   0.0010693
  -0.0018292
   0.0106293
 0.000359032
  0.00610295
    0.011482
   0.0015916
  0.00799847
  0.00575349
   0.0106434
  0.00476904
  0.00641932
  -0.0358375
  -0.0273837
  -0.0650512
  -0.0194444
  -0.0524786
  -0.0133977
  -0.0405745
  -0.0210206
  -0.0937107
  -0.0299947
  -0.0320722
  -0.0630655
  -0.0389116
  -0.0107985
  -0.0231939
  -0.0159553
  -0.0560865
  -0.0119926
  -0.0533418
  -0.0227559
  -0.0566546
  -0.0190271
  -0.0347808
   0.0475979
   0.0337342
   0.0247614
   0.0239908
   0.0273714
   0.0123352
   0.0266294
   0.0226008
   0.0368295
   0.0260973
   0.0225656
   0.0305304
  0.00818707
   0.0312412
   0.0444851
   0.0373091
     0.04866
   0.0363066
   0.0285635
   0.0393062
   0.0245457
   0.0295948
   0.0225005
   0.0110889
  -0.0017577
  -0.0131093
  -0.0346333
  -0.0444082
  -0.0382974
  -0.0499451
  -0.0128964
  -0.0466948
  -0.0222459
  -0.0329249
  -0.0437657
  -0.0656479
  -0.0415369
  -0.0230865
  -0.0838025
  -0.0164309
  -0.0464235
 0.000930386
  -0.0459241
  -0.0499173
  -0.0836131
   0.0481191
   0.0241327
   0.0168372
   0.0286879
   0.0210004
   0.0491017
   0.0269804
   0.0302091
   0.0280996
   0.0326417
   0.0233199
   0.0115447
   0.0130748
 -0.00393238
  -0.0193559
  -0.0438331
  -0.0350853
  -0.0495136
  -0.0536195
   0.0204347
   0.0200409
   0.0143061
   0.0246746
   0.0164886
   0.0331196
   0.0251845
   0.0290191
   0.0100173
   0.0208316
   0.0422967
   0.0267353
   0.0204722
   0.0226863
  -0.0653957
  -0.0775545
  -0.0557726
  -0.0470523
  -0.0391756
  -0.0430631
  -0.0451862
  -0.0425244
  -0.0534591
  -0.0423949
  -0.0700581
   -0.037762
  -0.0457943
  -0.0274838
   -0.043434
  -0.0495965
  -0.0449977
  -0.0536146
   -0.049512
  -0.0597828
   -0.031031
  -0.0521981
  -0.0710084
  -0.0422066
  -0.0420177
   0.0105493
   0.0164845
     0.03606
  -0.0111269
  -0.0923747
   -0.125493
   0.0227546
   0.0157855
   0.0147485
   0.0142543
   0.0112054
   0.0117162
   0.0126317
  0.00603795
   0.0169227
  -0.0138854
   0.0138209
  0.00836343
     0.01616
  0.00763039
   0.0137247
  0.00925813
-0.000863406
  -0.0110533
  3.3354e-05
 -0.00675246
  -0.0514823
  -0.0768233
  -0.0848862
  -0.0980767
  -0.0999462
   -0.100495
  -0.0964262
  -0.0969888
   -0.105498
  -0.0738619
   -0.073432
  -0.0560994
  -0.0685546
  -0.0879915
  -0.0559448
  -0.0648538
  -0.0707518
  -0.0570752
  -0.0725087
  -0.0594972
  -0.0680419
  -0.0462984
  -0.0655094
  -0.0764488
  -0.0427574
  -0.0818634
   0.0118991
    0.134496
   0.0313858
   0.0197398
   0.0217412
   0.0156496
   0.0141096
   0.0120033
  0.00740964
   0.0231834
   0.0128642
   0.0155236
   0.0201331
  -0.0440712
 -0.00167502
  -0.0337594
   -0.101816
   0.0157677
   0.0122058
  -0.0576873
  -0.0435196
  -0.0261381
   0.0116944
-0.000799211
   0.0110983
  0.00732252
  0.00112111
  0.00548332
  0.00102246
  0.00885831
  0.00371176
  0.00458561
   0.0033483
 -0.00263188
  0.00738043
   0.0104894
   0.0118964
  0.00772843
   0.0178491
   0.0100958
 -0.00144615
   0.0104392
  0.00620841
   0.0162769
  0.00921766
   0.0196795
   0.0102452
 -0.00759737
  -0.0132217
  -0.0244309
 -0.00756073
  -0.0222374
  0.00865387
  -0.0029524
  0.00026288
  0.00593902
   0.0192933
   0.0314231
   0.0320099
   0.0254322
   0.0303988
   0.0266751
   0.0244185
   0.0273754
   0.0259284
   0.0322099
   0.0208789
    0.028964
   0.0238201
   0.0209181
  0.00599064
  -0.0252746
   0.0248847
  0.00712322
   0.0162487
   0.0130172
   0.0114942
   0.0354255
   0.0144842
  0.00567448
   0.0104069
  0.00605523
   0.0185145
   0.0162355
  0.00444409
   0.0245026
    0.018154
   0.0138766
   0.0154591
   0.0105114
   0.0237928
   0.0186393
 -0.00321872
   0.0209699
   0.0155161
  0.00948714
   0.0195802
   0.0116504
     0.02353
   0.0109598
  0.00228535
  -0.0216758
  0.00445496
 -0.00114344
  0.00820271
-0.000947562
 -0.00560283
    0.087727
   0.0823122
   0.0850626
 -0.00925155
  -0.0121311
   -0.039282
  -0.0619362
  -0.0535054
  -0.0553921
  -0.0674585
  -0.0718299
  -0.0948745
  -0.0680031
  -0.0797503
  -0.0950204
  -0.0839375
   0.0772956
   0.0410335
   0.0385636
  0.00843887
   0.0202633
   0.0171336
    0.020262
   0.0213507
   0.0139791
    0.014662
  0.00741162
  -0.0219975
   0.0119114
  0.00925423
    0.014046
    0.014151
  0.00828763
   0.0156285
-0.000628653
 0.000680967
 -0.00736846
   0.0130293
  0.00404374
-0.000949753
  0.00138084
   0.0041485
  0.00586823
 -0.00481288
   0.0220335
  -0.0062571
   0.0445998
    0.017422
 -0.00970751
   0.0232842
   0.0185817
  0.00709449
   0.0165105
  -0.0309046
   0.0201751
-0.000273478
  -0.0181778
    0.015222
  0.00779233
  0.00597354
   0.0200774
   0.0102922
   0.0186096
   0.0142022
   0.0285744
   0.0135832
   0.0016803
   0.0592539
   0.0306946
   0.0279757
   0.0396686
   0.0194636
   0.0046408
   0.0236474
   0.0170523
   0.0157493
   0.0285294
   0.0397165
   0.0229838
   0.0271268
   0.0188168
   0.0102847
   0.0258288
   0.0200184
   0.0191163
   0.0178437
  -0.0215068
 -0.00731265
  -0.0228989
  -0.0231052
  0.00507705
 -0.00468925
 -0.00841172
 -0.00648108
  -0.0101695
 -0.00821777
  -0.0132954
 -0.00948249
   -0.014489
  -0.0129451
  -0.0105964
  -0.0172409
  -0.0303418
   0.0099759
 -0.00776619
  0.00282783
-0.000799529
  0.00958786
  0.00307941
   0.0174622
  0.00392194
  0.00487385
   0.0069903
 0.000121496
   0.0108305
 -0.00477649
    0.012263
 -0.00325142
 -0.00318359
  0.00285438
 -0.00376371
  0.00967203
  0.00332967
   0.0123015
  0.00309837
 -0.00372063
  0.00380118
  -0.0103202
   0.0284105
   0.0154121
   0.0476048
    0.023643
   0.0084793
   0.0396146
  0.00198128
   0.0800218
    0.033618
   0.0132286
  0.00969894
   0.0134635
  0.00581603
 -0.00303855
  0.00636473
 0.000830629
  0.00493799
-0.000404051
   0.0149222
-0.000699213
 -0.00343544
-0.000121991
  0.00531438
  -0.0103672
 -0.00665009
   -0.010403
 -0.00967841
 -0.00951649
  -0.0177329
-0.000996584
 -0.00977912
  -0.0140384
 -0.00599121
 -0.00707879
 -0.00105526
 -0.00351445
  -0.0180134
-0.000235312
 -0.00157496
 -0.00395775
 -0.00456054
  -0.0081985
    -0.01008
  -0.0106762
   -0.021711
 -0.00747081
  -0.0151709
  -0.0198268
  -0.0120082
 -0.00884175
    0.013616
   0.0282973
 -0.00515724
   0.0534464
  0.00398494
  0.00210954
  0.00670109
  0.00463226
  0.00714235
  0.00217206
   0.0163015
  0.00985758
  0.00787803
    0.011527
 -0.00934489
   0.0305665
   0.0320886
   0.0332782
   0.0297014
  0.00886915
   0.0258497
   0.0232463
   0.0220511
   0.0208665
   0.0220643
   0.0187543
   0.0215149
   0.0161287
   0.0220252
  0.00549317
   0.0163749
   0.0233531
  -0.0100205
  -0.0085685
   0.0247129
   0.0184088
  0.00733542
   0.0243023
   0.0193643
   0.0245497
   0.0148642
   0.0236654
  0.00743048
 -0.00803846
   0.0523824
   0.0187243
   0.0129831
   0.0147243
   0.0160071
    0.020033
  0.00940229
   0.0144721
   0.0434204
   0.0154283
   0.0103701
   0.0207097
   0.0130634
   0.0253821
    0.020108
   0.0102454
    0.047502
   0.0150254
   0.0112013
    0.024719
   0.0142629
   0.0188716
   0.0104115
 -0.00668048
 -0.00224853
 -0.00700241
  -0.0178376
  -0.0031797
  -0.0063778
  -0.0109651
 -0.00512606
 -0.00956983
  -0.0078596
 -0.00969121
  -0.0190471
 -0.00293512
  -0.0103932
  -0.0076671
   -0.006839
 -0.00528678
   0.0432147
   0.0458185
   0.0347436
    0.030732
    0.029191
   0.0195026
   0.0286585
   0.0244754
   0.0294138
   0.0224842
   0.0189439
   0.0397081
   0.0263947
   0.0128888
   0.0272818
  0.00181762
 -0.00722572
 0.000937005
  0.00368752
    0.029121
   0.0287173
   0.0166652
   0.0249724
   0.0131235
   0.0252831
   0.0153417
  -0.0108519
   0.0190874
   0.0153081
 -0.00803362
   0.0139742
  0.00761477
    0.021006
   0.0142926
   0.0356425
   0.0155578
  0.00634268
   0.0178518
   0.0164881
    0.025695
   0.0138396
   0.0361096
    0.026094
   0.0055571
   0.0255673
   0.0206399
   0.0178192
   0.0181378
  0.00875352
   0.0486099
   0.0130745
 0.000358039
   0.0227423
   0.0115741
   0.0246789
   0.0184725
  -0.0046705
   0.0183143
   0.0140479
   0.0191057
   0.0146896
   0.0194165
 -0.00599771
 -0.00615113
 -0.00978271
   -0.014993
  0.00206696
  -0.0104779
  -0.0137599
 -0.00934363
  -0.0548009
    0.139431
-0.000177254
 -0.00811213
 -0.00340508
 -0.00605724
  -0.0129941
  -0.0150421
  -0.0196114
 -0.00386799
 -0.00973222
  -0.0179963
  -0.0142655
  -0.0210256
  -0.0164139
  -0.0195742
  -0.0983849
  -0.0241545
  -0.0238747
  -0.0238523
   -0.012148
  -0.0202991
  -0.0152391
  -0.0220337
  -0.0193756
  -0.0245452
  -0.0322521
  -0.0172183
  -0.0261758
  -0.0218783
   -0.017704
 -0.00656095
   -0.019874
  -0.0242983
  -0.0156692
  -0.0152428
  -0.0127393
  -0.0199057
  -0.0128945
  -0.0186773
   -0.028052
  -0.0142181
  -0.0329295
   0.0328361
   0.0151036
  -0.0178792
   0.0367905
   0.0115759
 -0.00745172
   0.0191765
   0.0051001
   0.0245696
   0.0169272
  -0.0172809
   0.0429288
   0.0183414
  0.00971557
   0.0345162
   0.0153825
   0.0152696
   0.0527447
   0.0205864
   0.0122325
   0.0219617
   0.0199401
   0.0363184
   0.0209087
  0.00197802
   0.0229784
    0.011755
  0.00449265
   0.0233091
  0.00677235
-0.000354673
  -0.0120672
    -0.01528
  -0.0168094
   -0.010477
  -0.0203818
  -0.0252731
  -0.0173186
  -0.0272789
  -0.0233497
  -0.0284286
  -0.0180655
  -0.0280042
   0.0277844
   0.0281943
   0.0124457
   0.0306884
   0.0164117
 -0.00289136
   0.0333001
   0.0192709
   0.0100115
   0.0266963
   0.0202634
   0.0213094
   0.0173913
   0.0211339
   0.0180498
   -0.018704
   -0.025316
  -0.0167724
  -0.0237599
  -0.0057456
   -0.014853
  -0.0472313
  -0.0167581
  -0.0177765
  -0.0255334
   0.0305244
   0.0325761
   0.0253929
  0.00402234
   0.0520807
   0.0308928
  0.00708895
    0.043653
    0.010056
    0.053531
  0.00429037
  -0.0169031
  -0.0183958
  -0.0194006
  -0.0120515
  -0.0157167
  -0.0297614
 -0.00934867
  -0.0168491
  -0.0238351
  -0.0178975
   0.0330607
  -0.0165699
  -0.0216041
  -0.0177728
  -0.0235024
   -0.029104
  -0.0266924
 -0.00438168
 -0.00397604
   0.0495174
   0.0401389
   0.0144892
   0.0536268
   0.0443649
   0.0432414
   0.0741507
   0.0730101
   0.0831417
   0.0659941
   0.0767773
   0.0322916
  -0.0426621
   0.0421799
  -0.0382572
    -0.10994
  -0.0833347
  -0.0839063
  -0.0778484
    0.059395
   0.0230293
  -0.0198288
 -0.00265691
  0.00165177
   0.0198763
  0.00560669
   0.0233675
  0.00509074
  -0.0413349
  -0.0363304
   0.0123402
  0.00281642
  0.00841257
  0.00156442
  0.00144778
 -0.00110989
  -0.0073733
  -0.0066494
  -0.0140237
  -0.0145373
  -0.0113187
    -0.01967
  -0.0206934
  -0.0237982
  -0.0155517
  -0.0466021
  -0.0807921
  -0.0837035
  -0.0506954
  -0.0289783
   -0.036687
  -0.0381573
  -0.0465671
  -0.0524584
  -0.0345476
  -0.0501794
  -0.0666896
   -0.065207
  -0.0737297
 -0.00524567
   0.0142173
   0.0319066
    0.015658
   0.0121397
   0.0165908
   0.0130234
  0.00777323
  0.00122804
 -0.00385989
    0.014035
  0.00537311
 -0.00128923
  0.00255264
 -0.00244961
 -0.00837241
 -0.00650981
  -0.0209363
 -0.00171135
  -0.0105812
  -0.0187781
   -0.017192
  -0.0190515
  -0.0149889
   -0.023416
   -0.025049
  -0.0272305
  -0.0379895
   -0.030195
  -0.0416361
  -0.0414265
  -0.0457189
    -0.10904
   -0.089083
   0.0244636
   0.0382598
   0.0446292
   0.0398304
   0.0467151
   0.0396026
   0.0400879
   0.0342422
   0.0318018
   0.0280631
   0.0283194
   0.0253594
   0.0191523
   0.0236483
   0.0172913
  0.00684124
   0.0148076
   0.0121194
  0.00652184
 -0.00171837
 -0.00367314
 -0.00331817
  -0.0131274
 -0.00148085
  -0.0040613
 -0.00335191
  -0.0110637
 -0.00856166
  -0.0150655
  -0.0183852
  -0.0175723
  -0.0250449
  -0.0231244
  -0.0292543
  -0.0253098
  -0.0371339
   0.0775231
   0.0723413
   0.0767035
   0.0700768
   0.0822299
    0.069555
   0.0681279
   0.0621845
   0.0631739
   0.0597368
    0.057765
   0.0594906
   0.0487468
   0.0495387
   0.0496425
   0.0389484
   0.0423114
   0.0418835
   0.0396271
   0.0312098
   0.0235953
    0.022523
   0.0177366
   0.0258254
   0.0239926
   0.0235659
   0.0224879
  0.00753192
   0.0242607
   0.0175499
  0.00944931
  0.00854719
  0.00221152
  0.00706967
   0.0043293
  0.00913567
 -0.00229537
  -0.0164491
 -0.00881519
 -0.00597557
 -0.00585513
  -0.0144508
 -0.00953375
  -0.0146324
  -0.0242246
  -0.0129483
  -0.0259979
  -0.0199789
  -0.0267496
  -0.0205982
  -0.0264422
  -0.0306363
  -0.0259915
  -0.0328947
  -0.0352982
  -0.0361875
  -0.0274938
  -0.0406521
  -0.0462207
  -0.0431162
   -0.044191
  -0.0448733
  -0.0476499
   -0.050781
   -0.039966
  -0.0526771
  -0.0524985
  -0.0463064
 -0.00045823
  -0.0915113
  -0.0239588
   -0.029864
   0.0311133
  -0.0321307
   0.0289006
  -0.0271454
  -0.0929471
   0.0613096
  -0.0248399
  -0.0779979
    0.100381
 -0.00411588
   -0.053047
   0.0105611
  -0.0437819
   -0.118139
  -0.0121732
  -0.0379427
  -0.0660825
   0.0255778
   0.0458104
   0.0486102
   0.0446437
   0.0494718
   0.0429825
   0.0423422
   0.0394557
   0.0300083
   0.0390596
   0.0333681
   0.0327351
   0.0296432
   0.0301295
   0.0271956
   0.0180776
   0.0256883
   0.0193879
   0.0173298
   0.0115366
   0.0193204
   0.0106488
  0.00554425
  0.00627496
  0.00548367
  0.00710622
 0.000668942
  0.00794096
  9.4351e-05
 -0.00110773
 -0.00297793
 -0.00577459
 -0.00324664
 -0.00659254
  -0.0065336
  -0.0105112
  -0.0114836
  -0.0137612
  -0.0177148
  -0.0136616
   -0.019824
  -0.0169369
  -0.0173551
  -0.0214489
  -0.0256264
 -0.00961768
  -0.0191068
  -0.0179262
  -0.0212884
   0.0326435
  -0.0228864
   0.0566138
  -0.0202651
   0.0677454
-0.000248246
  -0.0973501
   0.0849909
   0.0180205
  -0.0545508
    0.102274
   0.0440908
  -0.0235375
   0.0578571
  0.00864278
   0.0303167
  -0.0567789
   0.0840215
   0.0462902
 -0.00342428
    0.035992
 -0.00653281
   0.0592114
   0.0164039
  -0.0604583
   0.0998477
  0.00326555
  -0.0431892
   0.0225292
 -0.00445341
   0.0631121
 -0.00452695
  -0.0583321
   0.0731911
  0.00955838
  -0.0553564
  0.00801151
  -0.0240115
   0.0424219
   0.0120497
  -0.0564166
  -0.0631686
   0.0156256
  0.00962636
  -0.0618745
   0.0113163
   -0.039828
-0.000405697
  -0.0101112
  -0.0707783
   0.0702256
  -0.0120252
    -4.11259
    -4.13024
    -4.10724
    -4.11586
    -4.08258
    -4.10757
    -4.02254
    -4.13679
    -4.17264
    -4.13645
    -4.16384
    -4.22287
    -4.13137
    -4.15788
    -4.13631
    -4.13865
    -4.13191
    -4.15817
    -4.04718
    -4.11644
    -4.00436
    -4.01321
    -4.03263
    -4.00725
    -4.00761
    -4.02608
    -3.99754
    -4.00092
    -4.01756
    -4.01506
    -4.03371
    -4.03784
    -4.02562
    -4.03926
    -4.16595
    -4.07828
    -4.09508
    -4.18791
    -4.19476
    -4.02274
    -4.06165
    -4.24826
    -4.02913
    -4.03364
    -4.06193
    -4.10563
     -4.1313
     -4.1106
    -4.11764
    -4.11545
    -4.12291
    -4.10615
    -4.11481
    -4.11455
    -4.11862
    -4.10505
    -4.10713
    -4.10844
    -4.10726
    -4.11442
    -4.12607
     -4.0932
    -4.10233
    -4.10842
    -4.09556
    -4.10689
    -4.11434
    -4.09148
    -4.10039
    -4.09917
    -4.10801
    -4.13794
    -4.12499
    -4.12411
    -4.14556
    -4.11105
    -4.11349
    -4.08667
    -4.10512
    -4.12005
    -4.10033
    -3.99261
    -4.00594
    -4.01498
    -4.01538
    -4.01632
    -4.00428
    -4.02124
    -4.01238
     -4.0184
    -3.97431
    -4.00375
    -4.02794
    -3.99626
    -4.00348
    -4.00424
    -4.00808
    -4.01316
    -4.02102
    -3.99458
    -4.00401
    -4.04063
    -4.04252
    -4.01696
    -4.06325
    -4.13087
    -4.13078
    -4.12619
    -4.13801
    -4.11122
    -4.11673
    -4.11736
    -4.12162
    -4.08704
    -4.12031
    -4.13624
    -4.11903
    -4.12396
    -4.11566
     -4.1231
    -4.12802
    -4.13311
    -4.11458
    -4.12653
    -4.12289
    -4.12516
    -4.10595
    -4.12164
      -4.114
    -4.11329
    -4.11534
    -4.12663
    -4.11046
    -4.11807
    -4.10766
    -4.11262
    -4.11885
    -4.10706
    -4.10143
     -4.1072
    -4.11729
    -4.09917
    -4.10827
    -4.12171
    -4.09035
    -4.10182
    -4.10692
    -4.10895
    -4.08721
    -4.11661
    -4.14253
    -4.11581
    -4.12166
    -4.13587
    -4.09752
    -4.12381
    -4.10169
    -4.10589
    -4.12599
    -4.11575
    -4.08051
    -4.10125
    -4.14357
     -4.1044
    -4.14885
    -4.09905
     -4.1388
    -4.11387
     -4.1158
    -4.09775
    -4.12267
    -4.10038
    -4.12891
    -4.11356
    -4.11441
    -4.08507
       -4.13
     -4.1702
    -4.03217
    -4.11437
    -4.16183
    -4.06757
    -4.11714
    -4.15123
    -4.11455
    -4.15872
    -4.15188
    -4.12906
    -4.15484
    -4.12592
     -4.1704
     -4.1393
    -4.16453
    -4.14574
    -4.15089
    -4.08635
    -4.10759
    -4.15776
    -4.07013
    -4.14235
    -4.18349
    -4.11769
    -4.14285
    -4.20243
    -4.09872
      -4.133
    -4.16583
    -4.12124
    -4.12296
    -4.18165
    -4.09966
    -4.15008
    -4.12315
    -4.15401
    -4.10109
    -4.16903
    -4.11314
    -4.15197
     -4.1374
    -4.16769
    -4.13055
    -4.13707
    -4.10932
    -4.14516
    -4.17902
    -4.17599
     -4.1372
     -4.1796
    -4.13619
    -4.16504
    -4.08842
    -4.13491
    -4.17526
    -4.12008
    -4.17449
    -4.20463
    -4.16193
    -4.15137
    -4.20793
    -4.14158
    -4.16116
    -4.10035
    -4.16954
    -4.11363
    -4.15729
    -4.14705
    -4.17746
    -4.15177
    -4.18427
    -4.21178
    -4.05611
    -4.09989
    -4.08665
     -4.0961
    -4.13723
    -4.10454
    -4.13086
    -4.10063
    -4.14573
    -4.10387
    -4.11623
    -4.11313
    -4.15644
    -4.10739
     -4.1138
    -4.09558
    -4.12054
    -4.08714
    -4.09786
    -4.15216
    -4.11957
    -4.13828
    -4.10149
    -4.16261
     -4.1172
    -4.16164
    -4.13867
    -4.15159
    -4.09757
    -4.13939
    -4.10876
    -4.11755
    -4.07635
    -4.10764
    -4.13579
    -4.07099
    -4.10508
    -4.11066
    -4.06257
    -4.08699
     -4.1246
    -4.07717
    -4.12268
    -4.09362
    -4.11513
    -4.20383
    -4.08138
    -4.11463
    -4.12471
    -4.14202
    -4.05908
    -4.13265
    -4.17921
    -4.09908
    -4.11073
     -4.1732
    -4.06503
    -4.09866
     -4.1309
    -4.08597
    -4.11335
    -4.08812
    -4.13803
    -4.17205
    -4.09126
    -4.13694
    -4.10956
    -4.14217
    -4.19858
    -4.06459
    -4.06639
    -4.06503
    -4.07398
    -4.08169
    -4.05532
    -4.06987
    -4.06408
    -4.06718
    -4.05984
    -4.05914
    -4.05639
    -4.06721
    -4.05729
    -4.06923
    -4.05711
    -4.06426
    -4.06051
    -4.05429
    -4.05717
     -4.0679
    -4.06086
    -4.06753
    -4.05672
    -4.06533
    -4.05995
    -4.05841
    -4.05061
    -4.06312
    -4.06732
    -4.06146
    -4.06733
    -4.07264
    -4.04262
    -4.05551
    -4.09587
    -4.04478
    -4.05264
    -4.06462
    -4.06665
    -4.05361
    -4.05933
    -4.05804
    -4.07165
    -4.05238
    -4.05773
    -4.05712
    -4.05402
    -4.07417
    -4.07502
    -4.05833
    -4.07324
    -4.07415
    -4.08268
    -4.03793
    -4.05458
    -4.10047
    -4.05823
    -4.06529
    -4.07401
    -4.06818
    -4.09154
    -4.06448
    -4.06696
     -4.0747
    -4.06472
     -4.0722
    -4.07315
    -4.07541
     -4.0745
    -4.07122
    -4.06978
    -4.08114
    -4.07595
    -4.08085
    -4.04398
    -4.07155
    -4.08402
    -4.06458
    -4.07031
    -4.07706
    -4.09224
    -4.08626
    -4.10924
    -4.09225
    -4.12162
    -4.08735
    -4.13593
    -4.10442
     -4.1308
    -4.03146
    -4.10327
    -4.14884
     -4.1017
    -4.17944
    -4.08236
    -4.11298
    -4.16218
    -4.05955
    -4.11095
     -4.1186
    -4.06811
    -4.07691
    -4.12412
    -4.06484
     -4.0876
    -4.10468
    -4.13601
    -4.06789
    -4.11979
    -4.09176
     -4.1348
    -4.06717
    -4.14342
    -4.03497
    -4.09253
    -4.03976
    -4.07473
    -4.04993
    -4.06459
    -4.04301
    -4.04941
    -4.05355
    -4.07056
    -4.07034
    -4.07484
    -4.07885
    -4.07823
    -4.08136
    -4.09823
    -4.06711
    -4.07613
    -4.06553
    -4.07275
    -4.06229
    -4.06467
    -4.06212
    -4.06477
    -4.06921
    -4.07332
     -4.0399
    -4.10125
    -4.01604
    -4.12165
    -4.17985
    -4.07321
    -4.11663
    -4.15824
    -4.08519
    -4.10433
    -4.11797
    -4.07425
    -4.11315
    -4.12153
     -4.0821
    -4.10564
    -4.14688
    -4.08501
    -4.10207
    -4.07493
     -4.0839
    -4.10124
    -4.11948
    -4.15372
     -4.1292
    -4.13493
     -4.1756
    -4.10432
    -4.16887
    -4.08251
    -4.09894
    -4.10439
    -4.10435
    -4.13031
    -4.10436
    -4.12961
     -4.0942
     -4.1539
    -4.10143
    -4.14522
    -4.09844
    -4.15186
    -4.13361
     -4.1507
    -4.06667
    -4.05789
    -4.13011
    -4.08079
    -4.13095
    -4.10763
    -4.08741
    -4.09214
    -4.13773
    -4.09076
    -4.13096
     -4.0908
    -4.11792
    -4.09107
    -4.14986
    -4.08471
    -4.15143
    -3.98292
    -4.11218
    -4.16613
    -4.04294
     -4.1137
    -4.15131
    -4.08179
    -4.08049
    -4.17557
    -4.09551
    -4.10066
    -4.07499
     -4.0928
     -4.0604
    -4.09082
    -4.06556
    -4.11967
    -4.08688
    -4.14231
    -4.17274
    -4.18419
    -4.13667
    -4.05462
    -4.13848
    -4.17471
     -4.1216
    -4.07884
    -4.13408
    -4.16267
    -4.07491
    -4.12203
     -4.0771
    -4.10438
    -4.08117
    -4.09489
    -4.11373
    -4.06356
    -4.14392
    -4.15121
    -4.05581
    -4.14019
    -4.16813
     -4.0515
    -4.12243
    -4.13919
    -4.12272
    -4.11172
    -4.19935
    -4.20179
    -4.00849
    -4.02721
     -4.0398
    -4.00181
     -4.0119
    -4.04513
    -4.01405
    -4.02561
    -4.04018
    -4.02807
    -4.03542
    -4.04696
    -4.01034
    -4.01943
    -4.06741
    -4.02169
    -4.03487
    -4.02073
    -4.04339
    -4.01926
    -4.02349
    -4.01207
    -4.03398
     -4.0125
    -4.01419
    -4.01822
    -4.02462
    -4.03517
    -4.02651
    -4.02333
    -4.05093
     -3.9743
    -4.03871
    -4.04357
    -4.00203
    -4.02603
    -4.05956
    -3.97646
    -4.02943
     -4.0426
     -4.1447
    -4.10822
    -4.10338
    -4.02387
    -4.03342
    -4.03297
    -4.03843
    -4.03269
    -4.03322
    -4.02469
    -4.02898
    -4.02533
    -4.03337
    -4.02529
    -4.02262
    -4.02575
    -4.03642
    -4.06277
      -4.024
    -4.07898
    -4.04126
    -4.05937
    -4.10123
    -4.02367
    -4.06465
    -4.08386
    -4.00615
    -4.07788
    -4.12818
    -4.03248
    -4.06468
    -4.17321
    -4.03621
     -4.0435
    -4.08367
     -4.0448
    -4.09251
     -4.0897
    -4.06414
    -4.00246
      -4.002
    -4.01799
    -4.03224
    -4.02919
     -4.0419
    -4.02267
    -4.05056
    -4.04423
   -0.973374
   -0.940277
   -0.940974
    -1.05299
    -1.06492
    -1.04877
    -1.06082
   -0.979352
   -0.959274
   -0.926515
   -0.942766
   -0.940701
   -0.933263
   -0.932149
   -0.948335
   -0.950179
     -1.0003
    -1.00448
   -0.993567
   -0.882786
   -0.888708
   -0.901138
   -0.907149
   -0.897493
   -0.887002
   -0.871753
   -0.893841
   -0.863535
   -0.871148
   -0.873641
   -0.874982
   -0.874859
   -0.891104
   -0.901588
   -0.920135
   -0.919431
   -0.937133
   -0.897128
   -0.885717
   -0.960957
   -0.950361
   -0.958572
    -0.99832
   -0.954018
   -0.962394
   -0.963045
   -0.963257
   -0.956347
   -0.964474
   -0.967682
   -0.974642
   -0.981195
   -0.981654
    -0.97685
   -0.996199
   -0.964592
   -0.995173
    -0.99578
    -1.03055
    -1.03203
     -1.0389
    -1.01964
    -1.00177
   -0.992649
     -1.0041
    -1.00469
    -1.01277
   -0.992647
    -1.01008
    -1.00367
    -1.00969
    -1.00303
     -1.0194
     -1.0192
    -1.03276
   -0.947299
   -0.941574
   -0.916215
   -0.914772
   -0.899043
   -0.919687
   -0.922492
   -0.953511
   -0.952385
   -0.954385
   -0.951953
   -0.945118
   -0.949526
   -0.946477
   -0.947503
   -0.949573
   -0.959763
   -0.955424
   -0.959666
   -0.957752
   -0.965486
   -0.965508
   -0.966731
    -0.96644
   -0.970559
   -0.982481
    -1.03081
    -1.02564
    -1.03057
    -0.97588
   -0.997233
   -0.976008
   -0.980551
   -0.979795
   -0.980815
   -0.979956
   -0.983487
     -0.9859
   -0.989095
   -0.988633
   -0.996479
   -0.991406
   -0.994767
   -0.994101
    -1.00281
    -1.00376
    -1.00738
    -1.00646
       -1.02
    -1.00738
    -1.00364
     -1.0055
    -1.01912
   -0.999304
    -1.01283
    -1.04643
      -1.013
    -1.03534
   -0.933493
    -0.92439
   -0.925707
   -0.920586
   -0.931183
   -0.933055
   -0.934378
     -0.9309
   -0.937615
   -0.935363
      -0.939
   -0.941137
   -0.942382
   -0.946134
   -0.952494
   -0.949763
   -0.954973
   -0.958883
    -0.96386
   -0.958604
   -0.960858
   -0.961321
   -0.972534
   -0.962858
   -0.964114
   -0.967148
   -0.959092
   -0.973598
   -0.973235
   -0.973856
   -0.978414
   -0.975681
   -0.977351
    -0.97735
   -0.974121
   -0.976551
   -0.980832
   -0.987398
   -0.988491
   -0.991164
   -0.989394
    -1.00323
   -0.995972
    -0.99917
    -1.00089
   -0.889121
   -0.980541
   -0.788109
   -0.952161
   -0.908803
   -0.950604
   -0.908533
   -0.908446
   -0.887841
   -0.900888
   -0.897601
   -0.905044
   -0.900296
   -0.911975
   -0.909421
   -0.912826
   -0.914101
   -0.913696
   -0.917392
   -0.929752
   -0.927386
   -0.927855
   -0.923446
   -0.926329
   -0.925247
   -0.935779
   -0.933816
   -0.936124
    -0.93956
   -0.942757
   -0.936835
   -0.945725
   -0.940919
   -0.963974
   -0.945062
   -0.946305
    -0.94872
   -0.945445
   -0.948239
   -0.950774
   -0.949013
    -0.95024
   -0.948326
   -0.955997
     -0.9582
   -0.960351
   -0.958601
   -0.963635
   -0.964414
   -0.968981
   -0.964096
   -0.967861
    -0.96769
   -0.888191
   -0.858961
    -1.00419
   -0.763472
   -0.880691
   -0.881162
   -0.881859
   -0.882522
    -0.88044
   -0.900262
   -0.879257
   -0.887004
   -0.887549
   -0.890699
   -0.885548
   -0.894497
   -0.895399
   -0.898888
   -0.895579
   -0.905047
   -0.903085
   -0.905152
   -0.908011
   -0.910405
   -0.912456
   -0.916854
   -0.914225
   -0.920144
   -0.917061
   -0.928407
   -0.924449
   -0.934746
   -0.924567
   -0.931861
   -0.916518
   -0.926709
   -0.924713
    -0.92789
    -0.91798
   -0.928988
   -0.928624
   -0.929634
   -0.931265
   -0.936301
   -0.936142
   -0.939806
   -0.937612
   -0.939737
   -0.936832
   -0.943373
   -0.939912
   -0.941463
   -0.942323
   -0.949029
   -0.945135
   -0.949924
   -0.945686
   -0.951387
   -0.933701
   -0.951717
   -0.951615
   -0.950704
   -0.948533
   -0.953202
   -0.950182
    -0.95187
   -0.951393
   -0.951886
   -0.950509
   -0.953952
   -0.866431
    -0.86292
   -0.857548
   -0.868767
   -0.868898
   -0.879714
   -0.877185
    -0.87758
   -0.857701
   -0.874676
   -0.897924
   -0.870397
   -0.877386
   -0.865573
   -0.882725
   -0.883509
   -0.897504
   -0.890647
   -0.892813
   -0.886574
    -0.90182
   -0.905244
   -0.899405
   -0.902916
   -0.908845
   -0.904349
   -0.906802
   -0.904104
   -0.910555
   -0.909125
   -0.921801
   -0.911479
   -0.920504
   -0.910121
   -0.922999
   -0.908121
   -0.919187
   -0.911195
   -0.918439
   -0.913938
   -0.923506
   -0.912038
   -0.921871
   -0.929327
   -0.922654
   -0.930458
   -0.927685
   -0.937217
   -0.930258
   -0.932735
   -0.931194
   -0.937336
   -0.935921
   -0.932408
   -0.932974
   -0.936813
   -0.937283
   -0.934463
    -0.93655
   -0.937647
   -0.937753
   -0.953225
   -0.936245
   -0.937349
   -0.938328
   -0.935849
   -0.932677
   -0.943527
   -0.854144
   -0.858096
    -0.87169
   -0.850623
   -0.869137
   -0.849228
   -0.871625
    -0.85095
   -0.887498
   -0.857229
    -0.87992
   -0.870853
    -0.89904
   -0.875436
     -0.8905
   -0.846582
   -0.882933
   -0.918941
   -0.866128
   -0.885536
   -0.930871
   -0.887727
   -0.881463
   -0.869058
   -0.897141
    -0.87461
   -0.901549
   -0.877072
   -0.898397
   -0.888752
   -0.913457
   -0.879179
   -0.896748
   -0.894523
   -0.895527
   -0.943974
   -0.912528
   -0.898191
   -0.930183
   -0.890438
   -0.928875
   -0.904109
   -0.931497
    -0.90968
     -0.9164
   -0.882407
   -0.905434
   -0.972045
   -0.898028
   -0.917383
   -0.967433
   -0.888082
   -0.913691
    -1.02487
   -0.892532
   -0.928782
    -0.91042
   -0.934062
   -0.894231
   -0.934969
   -0.918181
   -0.913046
   -0.953256
   -0.904572
   -0.941977
   -0.906701
   -0.948472
   -0.910158
    -0.95281
   -0.915216
     -1.0013
   -0.993336
   -0.991925
   -0.980596
    -1.06942
    -1.01323
    -1.01282
    -1.01651
    -1.00596
     -1.0192
    -1.05396
    -1.07378
    -1.08715
    -1.09598
    -1.09443
    -1.10748
     -1.1209
    -1.11644
    -1.10516
    -1.10491
    -1.08181
    -1.07116
     -1.0718
    -1.08625
    -1.07731
    -1.08047
    -1.06945
    -1.08553
    -1.07876
    -1.09529
    -1.06907
    -1.08477
    -1.05804
    -1.07415
   -0.963385
    -1.00265
   -0.982389
    -1.00103
    -1.01962
   -0.999484
    -1.00502
    -1.00596
    -1.00663
   -0.999935
     -1.0054
   -0.999181
    -1.03182
   -0.989699
    -1.07389
     -1.0217
    -1.05522
    -1.00269
    -1.04882
    -1.02233
    -1.03365
    -1.00196
    -1.00105
   -0.998758
     -1.0109
   -0.999728
    -1.00442
    -0.99807
    -1.01167
   -0.990712
   -0.999775
   -0.995299
   -0.997736
   -0.991731
   -0.998667
   -0.960893
   -0.981262
    -1.00339
   -0.990306
    -0.99293
   -0.988856
    -1.00159
   -0.983294
   -0.999375
   -0.994033
   -0.993617
   -0.978444
   -0.990978
   -0.979291
   -0.980467
   -0.981482
   -0.991005
    -1.01023
   -0.996936
   -0.978858
   -0.987156
   -0.985819
   -0.994925
   -0.984131
   -0.987508
   -0.981287
   -0.998145
   -0.994348
    -1.00762
   -0.946175
   -0.977246
    -1.00111
   -0.970096
   -0.994715
    -0.98432
    -1.01911
   -0.975518
   -0.979329
    -0.96044
   -0.968262
    -0.99394
     -1.0032
    -1.00054
   -0.994312
   -0.990767
    -1.00254
   -0.995683
    -1.00528
    -1.00735
    -1.01432
   -0.990344
     -1.0062
   -0.992962
   -0.991408
   -0.986796
    -1.01315
    -1.10055
    -1.05112
    -1.00879
   -0.997263
   -0.997192
   -0.998406
    -1.00385
   -0.995388
    -1.00132
   -0.995172
    -1.00833
    -1.00739
    -1.00709
   -0.987953
    -1.00519
   -0.999727
    -1.00791
   -0.985777
   -0.995538
   -0.968795
     -0.9889
    -1.01707
   -0.976385
   -0.977696
    -0.97112
   -0.979747
   -0.955613
   -0.988157
   -0.973672
   -0.995571
   -0.994955
    -1.00368
    -1.00494
    -1.00859
    -1.00043
    -1.00378
   -0.997338
   -0.997938
   -0.999697
    -1.00862
    -1.00536
    -1.01428
   -0.996378
     -1.0226
     -1.0948
    -1.02259
    -1.00555
   -0.988724
    -1.00602
    -1.00014
    -1.00183
   -0.997534
    -1.00113
    -1.00863
   -0.998126
    -1.00991
    -1.00442
    -1.00469
   -0.995925
    -1.00407
   -0.999887
   -0.994873
   -0.994184
    -1.00337
   -0.996976
    -1.00366
   -0.995933
    -1.00215
   -0.990972
   -0.950424
   -0.963015
   -0.967686
   -0.988526
   -0.982225
   -0.973768
   -0.968535
   -0.974513
   -0.976116
   -0.985874
   -0.986452
   -0.995436
   -0.974606
   -0.990459
   -0.977276
   -0.988877
   -0.995962
    -1.06102
   -0.984818
   -0.975376
   -0.975511
   -0.966616
   -0.981167
   -0.977778
   -0.989122
   -0.978585
   -0.982658
   -0.974858
   -0.988117
   -0.974891
   -0.977106
   -0.963585
   -0.977048
   -0.974802
   -0.986446
     -0.9222
   -0.959157
   -0.975375
    -0.96186
   -0.970883
   -0.968868
   -0.984005
   -0.973882
   -0.971604
   -0.966478
   -0.981077
   -0.974694
    -0.96908
   -0.956216
   -0.984652
   -0.988068
    -1.02279
   -0.969555
   -0.975876
   -0.939815
    -0.96555
   -0.992331
   -0.961462
   -0.983694
   -0.950469
   -0.980435
   -0.955887
   -0.971893
   -0.965757
   -0.981454
   -0.956196
   -0.889671
   -0.928699
   -0.942257
   -0.968819
    -1.01716
   -0.939576
    -0.96275
    -0.94211
   -0.971799
   -0.950154
   -0.967067
   -0.943701
   -0.967006
   -0.958304
     -0.9694
   -0.953892
   -0.952983
   -0.951934
   -0.969213
   -0.935212
   -0.983974
   -0.959931
    -1.00673
   -0.981525
    -1.00116
    -1.00033
    -1.00522
   -0.991111
    -1.00747
    -1.00279
    -1.00984
   -0.993253
    -1.00081
   -0.996037
   -0.998115
   -0.999307
    -1.00884
    -1.02027
    -1.01994
    -1.01045
    -1.01637
   -0.991779
    -1.00984
   -0.997763
    -1.02304
    -1.00285
    -1.01566
    -1.00035
    -1.01622
   -0.992025
    -1.00716
   -0.999574
      -1.014
   -0.933564
   -0.938511
   -0.984839
    -0.93414
   -0.984242
   -0.920485
   -0.983005
   -0.901582
   -0.928516
   -0.941166
   -0.932166
   -0.905655
   -0.942545
   -0.971464
    -0.98732
   -0.996837
   -0.983153
   -0.999318
   -0.990556
   -0.996587
   -0.995903
   -0.988689
   -0.988535
   -0.999372
   -0.992291
   -0.995957
   -0.991352
   -0.889014
   -0.922735
   -0.938891
   -0.931403
   -0.941305
   -0.919038
   -0.931137
   -0.925876
   -0.941973
   -0.916237
   -0.954968
   -0.922859
   -0.966261
   -0.990666
   -0.984403
    -0.99822
    -0.98993
   -0.993508
   -0.984816
   -0.995644
    -0.98498
    -1.00457
   -0.996604
   -0.924212
   -0.937719
   -0.900221
   -0.945742
   -0.917824
   -0.947201
   -0.926162
   -0.946324
   -0.910788
    -0.98624
    -1.01053
   -0.978298
   -0.988447
   -0.958283
   -0.980707
   -0.998649
   -0.969888
   -0.986189
   -0.974993
   -0.977946
   -0.933598
   -0.922603
   -0.972628
   -0.929912
     -0.9721
   -0.961598
   -0.979702
   -0.982173
    -0.96915
   -0.969769
   -0.960649
   -0.976286
    -0.97583
   -0.968426
   -0.983496
   -0.975759
   -0.972784
   -0.968026
   -0.985783
    -5.04754
    -5.09142
    -5.07504
    -5.03159
    -5.06721
    -5.02664
    -5.00567
    -5.00961
    -4.97893
    -4.95965
     -4.9642
    -4.95352
    -4.93762
    -4.94377
    -4.92957
    -4.91827
    -4.92095
    -4.91453
    -4.91279
     -5.1231
    -5.16912
    -5.13862
    -5.10132
    -5.16211
    -5.13893
    -5.08802
    -5.13601
    -5.12169
    -4.90284
    -4.91692
    -4.90823
    -4.92809
    -4.94225
    -4.91569
    -4.92211
     -4.9193
    -4.92854
    -4.90535
    -4.94745
    -4.95134
    -4.98145
    -4.92813
    -5.10954
    -5.09645
    -5.11696
    -5.11539
    -5.08916
    -5.11434
    -5.09365
    -5.08301
    -5.11897
    -5.11055
    -5.16097
    -5.09767
    -5.10059
    -5.07673
    -5.11327
    -5.08222
    -5.10316
    -5.09211
    -5.12182
    -5.06728
    -5.12706
    -5.09713
    -5.07257
    -5.08022
    -5.06655
    -5.04196
    -5.06809
    -5.05833
    -5.01014
    -5.02073
    -4.94667
    -4.91226
    -4.92966
    -4.92401
    -4.91949
    -4.95381
    -4.94159
    -4.92805
    -4.94048
    -4.93682
    -4.94172
    -4.94228
    -4.93161
    -4.92427
    -4.92352
    -4.94274
     -5.0126
    -4.97671
    -4.95518
     -5.1615
    -5.17844
     -5.1584
    -5.15452
    -5.17295
    -5.17509
    -5.15482
    -5.16275
    -5.16123
     -5.1486
    -5.17223
    -5.16418
    -5.14796
    -5.16766
    -5.15528
     -5.1301
    -5.15805
    -5.14629
    -5.14529
    -5.14983
    -5.14098
    -5.13064
    -5.13866
    -5.12586
    -5.12607
    -5.14282
    -5.13414
     -5.1472
    -5.12084
    -5.12968
    -5.12382
    -5.13263
    -5.10726
    -5.12605
     -5.1236
     -5.1379
    -5.12946
    -5.15284
    -5.09802
    -5.10436
    -5.10283
    -5.08663
    -5.09764
    -5.09195
    -5.03495
    -5.08605
    -5.08902
    -5.06174
    -5.08268
    -5.07495
    -5.03345
    -5.06611
    -5.07215
     -5.0907
    -5.01148
    -5.07153
    -5.05496
    -5.07274
    -5.04826
    -5.05797
    -5.04997
    -5.05593
    -5.03248
    -5.03943
    -5.04305
    -5.06366
     -5.0522
    -5.01021
    -4.91915
    -4.92183
    -4.91151
    -4.91569
    -5.21768
    -5.29111
    -5.25139
    -5.24541
    -5.26881
    -5.24369
    -5.01743
    -4.95112
    -5.22278
    -5.21184
    -5.23248
    -5.21292
    -5.21835
    -5.24738
    -5.23314
    -5.21414
    -5.24301
    -5.23353
    -5.22301
    -5.22943
     -5.2414
     -5.2031
    -5.22038
    -5.22347
    -5.22547
      -5.244
    -5.22408
    -5.27494
    -5.21014
    -5.23445
    -5.20204
    -5.24238
    -5.19573
    -5.19859
    -5.20939
    -5.22284
    -5.19627
    -5.20493
     -5.1988
    -5.20479
    -5.18569
     -5.1895
    -5.17968
    -5.19669
    -5.16315
    -5.20221
    -5.19228
    -5.19919
    -5.18573
    -5.17656
    -5.18428
    -5.17797
    -5.16574
    -5.21385
    -5.18604
    -5.26954
    -5.15387
    -5.16122
    -5.15246
    -5.14353
    -5.15397
    -5.13793
    -5.12312
    -5.13569
    -5.14607
    -5.15526
    -5.13058
    -5.14436
      -5.147
    -5.16357
    -5.11496
    -5.15532
    -5.12739
    -5.13865
    -5.09547
    -5.13096
    -5.12168
    -5.12885
    -5.11601
    -5.10633
    -5.11449
    -5.08939
    -5.09214
     -5.1164
    -5.10936
    -5.08117
    -5.10569
    -5.09497
    -5.06649
    -5.09433
    -4.94629
    -5.10274
    -5.27265
    -5.26837
    -5.27019
    -5.25838
     -5.2589
    -5.26219
    -5.26009
    -5.25984
    -5.26439
    -5.25994
    -5.25138
    -5.25507
    -5.24817
     -5.2436
    -5.25821
    -5.25494
    -5.24715
    -5.25626
    -5.25081
    -5.24655
    -5.25337
    -5.24184
    -5.25967
    -5.24012
     -5.2419
    -5.24118
    -5.24884
     -5.2267
    -5.23412
    -5.23385
    -5.23671
    -5.22247
     -5.2185
    -5.22111
    -5.22622
    -5.21897
     -5.2252
    -5.21373
    -5.20476
    -5.21486
    -5.20669
    -5.20704
    -5.21812
    -5.20633
     -5.2013
    -5.20207
    -5.20708
    -5.21631
    -5.20651
    -5.17669
    -5.18491
    -5.18549
    -5.20298
    -5.18144
    -5.18753
     -5.1807
    -5.18586
    -5.16665
    -5.16782
     -5.1707
    -5.17919
    -5.15363
    -5.16811
    -5.16803
    -5.18272
    -5.16655
     -5.1591
    -5.15696
    -5.15498
    -5.14742
    -5.15771
    -5.14542
    -5.13749
    -5.14536
    -5.13851
    -5.13175
    -5.14603
    -5.13545
    -5.12979
    -5.12815
    -5.12492
    -5.12398
    -5.13012
    -5.29725
    -5.30378
    -5.30571
     -5.2951
    -5.28578
    -5.29011
    -5.27814
    -5.34489
    -5.33505
    -5.33697
    -5.32924
    -5.32739
    -5.33954
    -5.33104
    -5.32784
    -5.33276
    -5.32546
    -5.31507
    -5.32226
    -5.31594
    -5.30877
    -5.32345
    -5.31282
    -5.32984
    -5.30912
    -5.31488
    -5.31002
    -5.31695
    -5.28328
    -5.30396
    -5.29991
    -5.29673
    -5.30439
    -5.29396
    -5.29915
     -5.2935
    -5.28314
    -5.28607
     -5.2812
    -5.27192
    -5.29245
    -5.28102
     -5.2758
    -5.27741
    -5.27233
    -5.26266
    -5.26511
      -5.261
    -5.26355
    -5.26726
    -5.26463
    -5.25599
    -5.25876
    -5.25433
    -5.24025
    -5.25244
    -5.25819
    -5.24261
     -5.2506
    -5.24642
    -5.23112
    -5.23501
    -5.22575
    -5.21524
    -5.23524
    -5.24122
    -5.24862
    -5.23009
    -5.23754
    -5.23568
    -5.23647
    -5.22312
    -5.21634
    -5.21899
    -5.19242
      -5.224
    -5.22351
    -5.22411
    -5.21643
    -5.21289
    -5.21197
    -5.21143
    -5.20425
    -5.21084
    -5.20704
    -5.20485
    -5.20547
    -5.19793
     -5.1941
    -5.19569
    -5.18249
    -5.19011
    -5.19625
    -5.19064
    -5.18272
    -5.18437
    -5.17984
    -5.17295
    -5.17898
    -5.18517
    -5.36926
    -5.37547
    -5.36602
    -5.35376
    -5.35916
    -5.34743
    -5.33517
    -5.37319
    -5.38176
    -5.35509
    -5.39701
    -5.34955
    -5.33264
    -5.39508
    -5.36801
    -5.33704
    -5.35621
    -5.34713
    -5.31621
     -5.3432
     -5.3431
    -5.39381
    -5.30419
    -5.36221
    -5.34525
    -5.37836
    -5.31807
    -5.35163
    -5.33314
    -5.40374
    -5.29851
    -5.35816
    -5.32781
    -5.38333
    -5.29686
    -5.32435
    -5.30771
    -5.30998
    -5.28282
    -5.30096
     -5.2885
    -5.29585
    -5.26197
    -5.30889
     -5.3046
    -5.33788
    -5.23771
    -5.31325
    -5.29867
    -5.34571
    -5.30762
    -5.29764
    -5.31657
    -5.30339
    -5.28871
    -5.31315
    -5.30434
    -5.29443
    -5.33548
    -5.30667
    -5.27918
      -5.299
    -5.29166
    -5.27001
    -5.29329
    -5.28977
    -5.25832
    -5.28604
    -5.25554
    -5.25302
    -5.28441
    -5.28064
    -5.34336
    -5.25389
      -5.276
    -5.27628
    -5.28872
    -5.23661
    -5.28849
    -5.40514
    -5.40498
    -5.42239
    -5.41273
     -5.4532
    -5.44029
     -5.4064
    -5.45296
    -5.42927
    -5.41002
    -5.46499
     -5.3809
    -5.42968
     -5.4061
    -5.45506
    -5.33551
    -5.42788
    -5.40952
    -5.45385
    -5.41737
    -5.40277
     -5.4404
    -5.40951
    -5.36551
    -5.40499
    -5.39254
      -5.374
    -5.41373
    -5.34606
    -5.36474
    -5.39815
    -5.33454
    -5.36751
    -5.35018
    -5.37755
    -5.32244
    -5.37792
    -5.35616
    -5.37169
    -5.31591
    -5.34179
    -5.33175
    -5.32439
    -5.29808
    -5.31184
    -5.31214
    -5.32753
    -5.28032
    -5.33256
    -5.32688
     -5.3511
    -5.32986
    -5.31946
    -5.33819
    -5.32204
    -5.31073
    -5.31477
    -5.32094
    -5.31559
    -5.31999
    -5.31919
    -5.31557
    -5.33633
    -5.33123
    -5.39698
    -5.29066
    -5.30338
     -5.3033
    -5.28748
    -5.30099
    -5.25832
    -5.46181
    -5.42955
    -5.45783
    -5.43647
    -5.43037
    -5.42325
    -5.48521
    -5.43317
    -5.40898
     -5.4275
    -5.41167
    -5.39405
    -5.42162
    -5.40473
    -5.37946
    -5.40675
    -5.37818
    -5.36536
    -5.40385
    -5.39112
    -5.45002
    -5.36081
    -5.37858
    -5.36866
    -5.34788
    -5.36773
    -5.37157
    -5.41431
    -5.35458
    -5.38319
    -5.31925
    -5.29997
    -5.28417
    -5.30002
    -5.27886
    -5.27964
    -5.30005
    -5.30866
    -5.32271
    -5.28742
    -5.29721
    -5.29986
    -5.31237
    -5.27291
    -5.30814
    -5.46171
    -5.45442
    -5.46485
    -5.45974
    -5.51067
    -5.42109
    -5.47979
    -5.46583
    -5.49608
    -5.39895
    -5.48232
    -5.45227
    -5.50334
    -5.46323
    -5.43719
    -5.45964
    -5.44537
     -5.4315
      -5.447
    -5.45535
     -5.4067
    -5.39909
    -5.40646
    -5.40846
    -5.39976
    -5.40467
    -5.39382
    -5.38077
    -5.39135
    -5.38283
    -5.37281
    -5.38675
    -5.38072
    -5.39872
    -5.37101
    -5.37628
    -5.37236
    -5.37941
     -5.3623
     -5.3686
    -5.36286
    -5.36939
    -5.34034
    -5.36233
    -5.34479
    -5.34971
    -5.35205
    -5.34424
    -5.34595
    -5.34307
    -5.33614
    -5.34327
    -5.33864
    -5.34275
    -5.34806
    -5.33766
    -5.33285
    -5.33404
    -5.32906
    -5.32561
    -5.34213
    -5.34049
    -5.32582
    -5.33585
    -5.32859
    -5.31671
    -5.32762
    -5.32606
    -5.31934
    -5.32911
    -5.32384
    -5.31701
    -5.32086
    -5.30815
    -5.31322
    -5.32463
    -5.32276
    -5.33338
     -5.3109
    -5.32015
    -5.31808
    -5.32414
    -5.31493
    -5.48819
    -5.47416
    -5.51181
    -5.49712
    -5.44186
    -5.46057
    -5.46623
    -5.45252
    -5.44841
    -5.45278
    -5.44314
    -5.43647
     -5.4409
     -5.4385
    -5.43045
    -5.43408
    -5.42638
    -5.41877
    -5.41819
    -5.42062
    -5.44466
    -5.47144
    -5.47753
    -5.47471
    -5.49866
    -5.46621
    -5.46451
    -5.49697
    -5.47615
    -5.45456
    -5.47216
    -5.44053
    -5.42288
    -5.43455
    -5.41952
    -5.41263
    -5.41927
    -5.42971
    -5.40845
    -5.44998
    -5.43341
      -5.413
      -5.446
    -5.42422
    -5.39835
    -5.41917
    -5.43655
    -5.48093
    -5.40432
     -5.4343
    -5.42693
    -5.46905
    -5.40404
    -5.44024
    -5.42874
    -5.43639
    -5.38323
    -5.40826
    -5.41669
    -5.44761
    -5.38655
    -5.41369
    -5.39412
    -5.32298
    -5.44067
    -5.44457
    -5.43986
    -5.46032
    -5.46631
    -5.46613
    -5.52044
    -5.48459
    -5.51551
    -5.48177
    -5.52933
    -5.49616
    -5.54769
     -5.4613
    -5.48933
    -5.47942
    -5.49681
    -5.44337
    -5.47814
    -5.48418
    -5.51952
     -5.5386
    -5.43681
     -5.4523
    -5.45558
    -5.48476
    -5.48509
     -5.5537
    -5.45747
    -5.51073
     -5.4919
    -5.55133
     -5.4518
     -5.4941
    -5.46275
    -5.41417
    -5.45139
    -5.40604
    -5.42692
    -5.43179
     -5.3734
    -5.40089
    -5.38342
    -5.42739
    -5.41054
    -5.40611
    -5.42935
    -5.39529
    -5.38927
    -5.41464
     -5.4113
    -5.53136
    -5.46458
    -5.47468
     -5.4427
    -5.49535
    -5.49442
    -5.58041
    -5.53503
    -5.48426
    -5.56154
    -5.54977
    -5.49765
    -5.54469
    -5.52076
    -5.46638
     -5.4932
    -5.49501
    -5.51029
     -5.5528
    -5.58186
    -5.58074
    -5.58484
     -5.5857
    -5.57705
    -5.57411
    -5.55167
    -5.58221
    -5.49955
    -5.51282
    -5.50178
    -5.55368
    -5.44799
    -5.49994
    -5.49208
    -5.55662
    -5.45332
    -5.50595
    -5.46559
    -5.53447
    -5.39467
    -5.49888
    -5.47393
    -5.52058
    -5.48201
    -5.44977
    -5.54397
    -5.48797
    -5.45174
    -5.50422
    -5.48867
    -5.59513
    -5.45111
    -5.50013
     -5.4521
    -5.47894
    -5.43843
    -5.44643
     -5.4337
    -5.42855
    -5.43698
    -5.45816
    -5.45687
    -5.46534
    -5.45253
     -5.4281
    -5.46103
    -5.45682
    -5.44561
    -5.45834
    -5.45424
    -5.48319
    -5.43432
    -5.45146
    -5.45364
    -5.46192
    -5.43505
     -5.4529
    -5.44119
    -5.45791
    -5.42636
    -5.45179
     -5.4435
    -5.54063
    -5.49673
    -5.45988
    -5.51687
     -5.4914
    -5.47881
    -5.44659
    -5.46356
    -5.45256
    -5.44221
     -5.4592
    -5.45317
    -5.44428
    -5.46294
    -5.45381
    -5.45239
    -5.46115
    -3.09257
    -3.09246
     -3.0839
    -3.09371
     -3.0917
    -3.08614
    -3.09265
    -3.08611
    -3.08881
    -3.09236
    -3.08255
    -3.08277
     -3.0986
    -3.08017
    -3.07311
    -3.05285
     -3.0711
    -3.06159
    -2.99004
     -3.0035
    -2.98743
    -3.11551
    -3.01723
     -2.9933
    -3.07117
    -3.15972
    -3.02561
    -3.02398
    -3.02171
     -3.0226
    -3.02265
    -3.02457
    -3.02016
      -3.018
    -3.01555
    -3.02417
    -3.01797
    -3.01967
    -3.00804
    -3.01763
    -3.02728
    -3.02573
    -3.01842
    -3.00322
    -3.01715
     -3.0051
    -3.01218
    -3.09519
    -3.06084
    -3.00615
    -3.00915
    -3.09867
    -3.09882
     -3.0847
    -3.05579
    -3.10486
    -3.09485
    -3.09514
    -3.11505
    -3.10104
    -3.10174
    -3.08713
    -3.09414
    -3.07669
    -3.08792
    -2.89369
    -3.01441
    -3.01395
    -3.07472
    -3.00247
    -3.00726
    -3.10967
    -3.05081
    -3.02142
    -3.09234
    -3.03678
    -3.02789
    -3.08827
    -3.04735
    -3.00002
    -2.99679
    -2.99931
    -2.99116
    -2.99623
    -2.99382
    -2.99536
    -2.98474
    -2.99062
    -2.98761
    -2.97569
    -2.98334
    -2.99261
    -3.01293
    -3.01305
    -3.00704
    -3.01246
    -3.01478
    -3.00817
    -3.01289
     -3.0071
    -3.01204
    -3.01139
     -3.0092
     -3.0129
    -2.99884
    -2.99701
    -3.00562
    -3.00368
      -2.993
     -3.0003
    -2.99986
    -2.99108
    -3.00436
    -2.99983
    -2.99564
    -3.00081
     -3.0013
    -2.99647
    -3.00234
    -3.00163
    -2.99328
    -2.99589
     -2.9894
    -2.99712
    -2.99511
    -2.99293
    -2.98489
    -2.98638
     -2.9998
    -3.01428
    -2.99129
    -2.98047
     -2.9761
    -3.00283
    -2.98453
    -2.98148
    -2.99301
    -2.97928
    -2.98375
    -2.95525
    -2.96128
    -2.96734
    -2.96611
    -2.94897
    -2.95369
    -2.92045
     -3.0021
    -3.00819
    -3.00562
    -3.01093
    -3.00233
     -3.0015
    -3.02974
     -3.0099
    -3.00475
    -2.98906
    -3.00412
    -3.00429
    -3.00247
    -2.99207
    -2.99903
    -2.99362
    -3.10477
    -3.00038
    -2.99369
     -2.9806
    -2.98283
    -3.00959
     -3.0059
    -2.99509
     -2.9822
    -2.97556
    -3.00131
    -2.99305
    -2.98928
    -2.99182
    -2.99078
     -2.9961
    -2.98148
    -2.97148
    -2.97729
    -2.95642
    -2.99595
     -3.0137
    -3.00473
    -3.00432
    -3.01141
    -3.00436
     -3.0021
    -2.99818
    -3.00449
     -3.0004
    -3.00736
    -2.99857
    -2.99588
    -2.98467
    -3.08385
    -3.00155
    -2.98985
    -2.99214
    -2.99555
    -2.99962
    -3.00786
    -2.98717
    -2.99198
    -2.99063
    -2.98649
    -2.98283
    -2.97702
      -2.986
    -2.99274
    -2.98246
    -2.98004
    -2.97576
    -2.98307
    -2.96494
    -3.01065
    -3.00672
    -3.00073
     -2.9987
    -3.00159
    -3.00513
    -2.99883
    -3.00853
    -2.99727
    -2.99772
    -3.00478
    -3.00112
    -2.99937
    -3.01245
    -3.00484
    -2.99889
    -3.00459
    -2.96845
    -2.98265
    -2.96971
    -2.96471
    -2.95884
    -2.95714
    -2.95933
    -2.96017
    -2.97365
    -2.95678
    -2.98261
    -2.98548
     -2.9837
     -2.9819
    -2.97117
    -2.98191
    -2.97509
    -2.97949
    -2.99054
    -2.98344
    -2.97656
    -2.97706
    -2.97754
    -2.98207
    -2.98961
    -2.97625
    -2.97406
    -3.03032
    -2.97865
    -2.97088
    -2.96091
    -2.97696
    -2.94653
    -2.95698
      -2.947
     -2.9317
    -2.91943
     -2.9494
    -2.93981
    -2.93971
    -2.89313
    -3.00797
    -3.01746
      -3.006
    -2.99504
    -2.98978
    -2.98795
    -2.99274
    -2.98254
    -2.98493
    -2.97619
    -2.97968
    -2.97381
    -2.98499
    -2.97706
    -2.96364
    -2.97501
    -2.98066
    -2.98705
    -2.98494
     -2.9795
     -2.9742
     -2.9639
    -2.97621
    -2.97965
    -2.97382
    -2.98266
    -2.96841
    -2.96913
    -3.01274
    -2.97456
    -2.96159
     -2.9756
    -2.95974
    -2.96032
    -2.96505
    -2.95624
     -2.9619
    -2.97696
    -2.95443
    -2.95484
    -2.94222
    -2.94707
    -2.94818
    -2.94555
    -2.93242
    -2.93672
     -2.9341
    -2.88888
    -3.02138
     -3.0769
    -3.01562
    -3.01561
    -3.01232
    -3.01408
    -2.97922
    -2.98477
    -2.98025
    -2.98423
    -2.97799
    -2.98564
    -2.97688
       -2.98
    -3.00019
    -2.98908
    -2.98468
    -2.98517
    -2.98318
    -2.97907
    -2.97891
    -2.98639
    -2.97713
    -2.97818
    -3.00439
    -2.97844
    -2.97854
    -2.96589
    -2.97912
    -2.97738
     -2.9761
    -2.97939
    -2.97339
    -2.99033
    -2.99167
    -2.98396
    -2.98676
    -2.98283
    -3.01341
    -2.99339
    -2.97982
    -2.98346
    -2.97909
    -2.98401
    -2.98745
    -2.98133
    -2.98031
    -2.98011
    -2.98083
    -2.98153
    -2.97691
    -2.97464
    -2.97334
    -2.94512
    -2.96064
    -2.83326
    -2.98553
    -2.98248
      -2.984
    -2.98444
    -2.98187
    -2.96651
      -2.987
    -2.97978
    -2.98113
    -2.97965
    -2.98095
    -2.98682
    -2.98799
    -2.98446
    -2.97511
    -2.98403
    -2.98528
    -2.98635
    -2.99152
    -2.98275
    -2.98033
    -2.97022
    -2.99927
    -2.98959
    -2.98947
    -2.98855
    -2.99286
    -2.99171
    -2.98497
    -2.99797
    -2.98914
    -2.98866
     -2.9995
    -2.99672
    -2.98267
    -2.98461
     -2.9941
    -2.99698
    -3.04038
    -2.98891
    -2.98552
    -2.98773
    -2.98036
    -2.99839
    -2.97983
    -3.00057
    -2.98066
    -2.97737
    -2.98159
    -2.98289
    -2.97473
    -2.98509
    -2.97916
    -2.97237
     -2.9944
    -2.99096
    -2.99142
    -2.98737
    -2.99002
    -2.99117
    -2.98407
    -2.99366
    -2.98807
    -2.98893
     -2.9793
    -2.98586
    -2.97492
    -2.96228
    -2.98199
    -2.97968
     -2.9809
    -2.98012
    -2.97694
    -2.99539
    -2.98995
    -2.98801
    -2.98928
    -2.99299
    -2.98956
     -2.9909
    -2.99156
    -2.99488
    -2.98236
    -2.90795
    -2.93615
    -3.00081
    -2.97134
    -2.98783
    -2.98716
    -2.99505
     -2.9804
    -3.20873
    -3.10913
    -3.09304
    -3.10205
    -3.07956
    -3.07295
    -3.07964
    -3.07301
    -3.07447
    -3.06883
    -3.06789
     -3.0519
    -3.06541
    -3.06055
    -3.04835
    -3.05093
    -3.04424
    -3.05574
    -3.07001
    -3.04134
     -3.0765
    -3.00969
    -3.00075
    -3.01061
    -3.07245
    -2.91772
    -2.91786
    -2.91642
    -2.91096
    -2.91443
    -2.91025
    -2.97684
    -2.91982
    -3.11064
    -3.05945
    -3.05609
    -3.05683
    -3.04117
    -3.05016
    -3.04897
    -3.04667
     -3.0379
    -3.04317
    -3.04158
    -3.03572
    -3.03167
    -3.02269
    -3.02339
    -3.02243
    -3.02032
     -3.0196
    -3.01258
    -3.00601
    -3.05748
    -3.02881
    -3.01221
    -3.00017
     -3.0251
    -3.04569
    -3.00023
    -2.99968
    -2.99543
     -2.9984
    -2.98263
    -2.99177
    -3.00648
    -2.98684
     -2.9984
    -3.06932
    -2.97176
     -3.1115
    -3.00493
     -3.0509
    -3.05839
    -3.03787
    -3.04417
    -3.03985
    -3.02332
    -3.02251
    -3.02779
     -3.0232
    -3.01768
    -3.01565
    -3.00294
    -3.00722
    -3.01807
    -3.00489
    -2.99973
    -2.99892
     -2.9919
    -2.99971
    -2.99844
    -2.99274
    -2.98503
    -2.98317
    -2.98454
    -2.98517
    -2.97668
    -2.97094
    -2.97336
    -2.97603
     -2.9672
    -2.96719
    -2.96228
    -2.94633
    -2.95083
    -2.95879
     -2.9511
    -2.94981
    -2.94133
    -2.94207
    -3.06872
    -3.10572
    -2.96472
    -3.01136
    -2.90706
    -3.07147
    -3.06144
    -3.06857
    -3.06558
    -3.05928
    -3.05773
    -3.06234
     -3.0546
    -3.05608
    -3.05134
    -3.05735
    -3.04937
    -3.04438
    -3.05005
    -3.04137
    -3.03589
    -3.03889
    -3.02858
      -3.035
     -3.0335
     -3.0309
    -3.02332
    -3.02812
    -3.02997
    -3.01852
    -3.01975
    -3.01055
    -3.01073
    -3.01453
    -3.01386
    -3.00161
    -3.00037
    -3.00493
    -2.99154
    -2.99341
    -2.99482
    -2.98383
    -2.98955
    -2.99161
    -2.98078
     -2.9816
    -2.97819
    -2.97375
     -2.9712
    -2.97214
    -2.96971
    -2.96582
    -2.96613
    -2.95022
    -2.95142
       -2.96
    -2.94902
    -2.94434
    -2.94292
    -2.93273
    -2.93275
    -2.93759
    -2.93606
    -2.92594
     -2.9265
     -2.9175
    -2.91921
    -2.92642
    -2.92039
    -2.98281
    -2.91839
    -2.91251
    -2.91592
    -2.95226
    -2.91621
    -3.05326
    -2.98968
    -3.03107
    -2.98527
    -2.87172
    -3.00715
    -3.00953
    -3.00631
    -3.00679
     -3.0037
    -3.00026
    -2.99601
    -2.99885
    -2.99914
    -2.99195
    -2.98962
    -2.99347
    -2.98895
    -2.98791
     -2.9882
    -2.97988
    -2.97817
    -2.98083
    -2.96817
    -2.97332
    -2.97334
    -2.96515
    -2.95655
     -2.9623
    -2.95549
    -2.95509
    -2.94833
    -2.94852
     -2.9557
    -2.95146
     -2.9478
    -2.94142
    -2.94845
    -2.93919
    -2.93375
    -2.93705
    -2.92734
    -2.92703
    -2.92793
     -2.9196
    -2.92923
    -2.92366
     -2.9093
    -2.90619
    -2.90972
    -2.89667
    -2.90042
    -2.90416
    -2.90509
    -2.90589
    -2.89695
    -2.88135
    -2.88652
    -2.89198
    -2.88675
    -2.88032
    -3.00658
    -2.95082
    -2.95282
    -2.89707
    -2.84221
    -2.83443
    -3.01608
    -3.01491
    -3.01404
    -3.01707
    -3.01648
    -3.01516
    -3.00936
    -3.02076
    -3.00912
    -3.04946
    -3.01394
    -3.00477
    -3.03505
    -3.02216
    -3.02774
    -3.06404
    -3.01555
     -3.0263
    -3.03068
    -3.00021
    -2.95844
     -3.0633
    -3.01387
    -3.00497
    -2.99369
    -3.02215
    -3.00736
     -2.9708
    -3.01683
    -3.00933
    -2.95415
    -3.02475
     -2.9948
    -2.94622
    -2.92427
    -2.96129
     -2.9694
    -2.92672
    -2.92056
    -2.91869
    -2.91422
    -2.90948
    -2.91276
    -2.91874
    -2.90729
    -2.90518
    -2.89626
    -2.89424
    -2.90156
    -2.89981
    -2.89009
    -2.88867
    -2.88518
    -2.87385
    -2.87932
     -2.8811
    -2.87252
    -2.88375
    -2.86882
    -2.86036
    -2.86244
    -2.86397
    -2.85648
    -2.85177
    -2.85461
    -2.85395
    -2.85234
    -3.00562
    -2.91375
    -2.91121
    -2.96826
    -2.89191
    -2.85051
    -2.79862
    -3.00628
    -3.06065
    -3.04031
    -3.01997
    -3.03257
    -3.03697
    -3.03326
    -3.01811
    -3.02994
    -3.05449
     -2.8652
    -2.86118
    -2.91811
    -2.77317
    -2.76645
    -2.82207
    -2.82049
    -2.90794
    -2.89071
    -2.89534
    -2.92201
    -2.88321
    -2.87125
    -2.91698
    -2.87693
    -2.87257
    -2.90775
    -2.87486
    -2.85669
      -2.825
    -2.91525
    -2.87675
    -2.85535
    -2.84544
    -2.90013
     -2.8638
    -2.86706
    -2.82797
      -2.849
    -2.85038
    -2.81305
    -2.86171
    -2.84282
    -2.81857
    -2.85137
    -2.84035
    -2.82151
    -2.84413
    -2.81709
    -2.80178
    -2.92379
     -2.7923
    -7.61508
    -7.49687
    -7.50195
    -7.48468
    -7.49636
    -7.52605
    -7.50176
     -7.5242
    -7.50404
    -7.48869
    -7.50998
    -7.48902
    -7.52228
    -7.46286
     -7.4218
    -7.40346
    -7.39375
    -7.37938
    -7.39686
    -7.39023
    -7.39455
    -7.38241
    -7.39161
    -7.39211
    -7.40001
    -7.43949
      -7.454
    -7.46275
    -7.45447
    -7.48381
     -7.4241
    -7.46684
    -7.46328
      -7.459
    -7.46454
    -7.47105
    -7.46698
    -7.46936
     -7.4532
     -7.4742
    -7.46396
    -7.47193
    -7.46509
    -7.47437
    -7.48168
    -7.47364
    -7.47941
    -7.48469
    -7.48126
    -7.49055
    -7.48202
    -7.50785
     -7.4913
     -7.4964
    -7.47638
     -7.4974
    -7.56045
    -7.52643
    -7.51551
    -7.56985
    -7.53242
    -7.54835
      -7.555
    -7.56406
    -7.55527
    -7.53923
    -7.48528
    -7.43178
    -7.42116
    -7.42704
    -7.41397
    -7.41468
    -7.40975
     -7.4322
     -7.4158
    -7.43075
     -7.4204
    -7.44764
    -7.45728
    -7.45946
    -7.45632
    -7.46336
    -7.45571
    -7.46338
    -7.44638
    -7.47113
    -7.46945
    -7.48257
     -7.4569
    -7.45441
    -7.44999
    -7.45546
    -7.46587
    -7.46135
    -7.46481
    -7.44942
    -7.45674
     -7.4614
    -7.45742
    -7.46659
    -7.48067
    -7.46431
     -7.4758
    -7.44662
    -7.47819
    -7.47361
    -7.48555
    -7.47712
    -7.48312
     -7.4904
    -7.48203
    -7.50895
    -7.51756
    -7.49523
    -7.53002
    -7.49853
    -7.51408
    -7.50381
    -7.52625
    -7.54901
    -7.55491
    -7.55506
    -7.54135
    -7.52291
    -7.53182
    -7.51457
    -7.57046
    -7.52451
    -7.52941
    -7.52453
     -7.5299
    -7.54684
    -7.53249
    -7.55501
    -7.51369
    -7.57328
    -7.54529
    -7.54318
    -7.54056
     -7.5591
     -7.5687
     -7.5495
    -7.57215
    -7.58264
    -7.56607
    -7.57791
    -7.52942
      -7.633
    -7.59804
    -7.52805
    -7.49725
    -7.59893
    -7.54313
    -7.56925
    -7.52401
    -7.56036
    -7.57496
    -7.52943
    -7.59097
    -7.62691
    -7.59306
     -7.5634
    -7.49827
    -7.62643
    -7.57092
    -7.59706
    -7.52736
    -7.58902
    -7.57373
    -7.53996
    -7.52925
    -7.50052
    -7.51698
    -7.47137
    -7.49728
      -7.448
    -7.53457
    -7.51089
    -7.48788
    -7.46529
    -7.47919
    -7.52547
    -7.47721
    -7.50959
    -7.55394
    -7.48418
    -7.51965
    -7.46353
    -7.54069
    -7.51778
     -7.5491
    -7.49045
     -7.5361
    -7.53807
    -7.53539
    -7.55314
    -7.65437
    -7.60255
     -7.6495
    -7.58343
      -7.585
    -7.57081
     -7.6075
     -7.5985
     -7.5961
    -7.59166
    -7.63125
    -7.63981
    -7.42523
    -7.46068
    -7.43392
    -7.52102
    -7.45369
    -7.47415
    -7.45398
    -7.47008
    -7.51918
    -7.46114
    -7.49361
    -7.52187
     -7.4897
    -7.49504
    -7.45432
    -7.50102
    -7.47086
    -7.50811
    -7.46257
    -7.55688
    -7.49112
    -7.52021
     -7.4624
    -7.49396
    -7.52885
    -7.50395
    -7.47578
    -7.45783
    -7.46997
     -7.4875
    -7.48514
    -7.49982
    -7.53988
    -7.51125
    -7.52829
     -7.5604
    -7.50312
    -7.54995
    -7.45274
    -7.60832
    -7.54744
    -7.54848
    -7.49426
    -7.53687
     -7.5736
    -7.51729
    -7.54584
    -7.54064
    -7.54115
     -7.5726
    -7.54485
    -7.56792
    -7.50655
    -7.57174
    -7.57085
    -7.55457
    -7.57782
    -7.51969
    -7.60542
    -7.61012
    -7.44553
    -7.44346
    -7.41111
    -7.47137
    -7.43691
    -7.45357
    -7.41924
    -7.45692
    -7.45429
    -7.42917
    -7.43467
    -7.47764
     -7.4584
    -7.52719
    -7.41278
    -7.42721
     -7.4269
    -7.43442
    -7.44487
    -7.44054
    -7.45343
    -7.42785
    -7.45549
    -7.45456
    -7.45506
    -7.44574
    -7.45007
    -7.45754
    -7.44361
    -7.43634
    -7.39166
    -7.39685
    -7.38719
    -7.39216
    -7.39733
    -7.41789
    -7.39804
     -7.4067
    -7.39717
    -7.40671
     -7.4091
    -7.40292
    -7.41166
     -7.4156
     -7.4147
    -7.41966
    -7.41049
    -7.41996
    -7.42418
    -7.41564
    -7.41223
    -7.43034
    -7.41997
    -7.43152
    -7.44742
    -7.42701
     -7.4385
     -7.4361
    -7.43818
    -7.48537
    -7.47622
    -7.46342
    -7.47494
    -7.45535
    -7.45832
    -7.45089
    -7.48001
    -7.46126
    -7.47391
    -7.45953
    -7.48033
    -7.48386
    -7.47798
    -7.47398
    -7.43169
    -7.48382
    -7.48135
    -7.49621
    -7.46479
    -7.51949
    -7.49561
    -7.50723
    -7.48617
    -7.50435
    -7.52127
    -7.51526
    -7.52342
     -7.5458
    -7.52396
    -7.53131
    -7.38833
     -7.3882
    -7.38335
    -7.39016
    -7.39171
    -7.38911
    -7.40284
    -7.35893
    -7.46317
    -7.43933
    -7.53203
    -7.46978
    -7.49104
     -7.4373
    -7.45146
    -7.48426
     -7.4496
    -7.46619
    -7.42366
    -7.48653
    -7.47987
     -7.4871
    -7.43277
    -7.51283
    -7.45946
    -7.44767
     -7.4322
    -7.44631
    -7.47728
    -7.46343
    -7.50086
    -7.45985
    -7.52036
    -7.48798
    -7.50243
    -7.44007
    -7.55123
    -7.50786
    -7.53998
    -7.45459
    -7.51603
    -7.54447
     -7.4955
    -7.52924
    -7.50415
    -7.50892
    -7.53424
    -7.46835
    -7.59278
    -7.55957
    -7.53568
    -7.49564
     -7.5181
     -7.4485
    -7.56508
    -7.48415
    -7.39857
     -7.4213
    -7.40414
    -7.42223
    -7.35803
    -7.44158
    -7.39398
    -7.42657
    -7.39957
    -7.46288
    -7.42704
    -7.44627
    -7.41653
     -7.4334
    -7.46464
    -7.41944
    -7.46117
    -7.37525
    -7.51386
    -7.45726
    -7.48438
    -7.55474
    -7.55804
    -7.45244
    -7.61885
    -7.52781
    -7.57393
    -7.52176
    -7.63518
    -7.55797
    -7.55012
    -7.42879
    -7.41652
    -7.38089
    -7.41965
    -7.41356
    -7.34149
    -7.45876
    -7.43583
    -7.52918
    -7.49225
    -7.51404
    -7.54408
    -7.44212
    -7.52901
    -7.43943
    -7.44628
    -7.45676
    -7.48789
    -7.48408
    -7.46296
     -7.4766
    -7.47558
    -7.42885
    -7.47213
    -7.51104
    -7.45663
    -7.49465
     -7.4162
    -7.49927
    -7.46312
    -7.46314
    -7.44809
    -7.59157
    -7.57293
    -7.50634
     -7.5315
    -7.49267
    -7.41226
    -7.58275
    -7.38748
    -7.41101
    -7.49757
    -7.44734
    -7.44342
    -7.47032
     -7.4072
     -7.4594
    -7.40527
    -7.45453
    -7.47646
    -7.41959
    -7.45272
    -7.53742
    -7.33778
    -7.37012
    -7.37753
    -7.36735
    -7.37338
    -7.38621
    -7.36692
    -7.38565
    -7.35754
    -7.38744
    -7.36635
    -7.38391
    -7.36351
    -7.39101
    -7.40322
    -7.38732
    -7.41835
    -7.43189
    -7.40445
    -7.42044
    -7.39327
    -7.45475
    -7.41611
     -7.4335
    -7.40118
    -7.40877
    -7.44083
    -7.40918
    -7.42761
    -7.45313
    -7.40029
    -7.42446
    -7.44045
    -7.40754
    -7.51698
    -7.33906
    -7.32121
     -7.3513
    -7.33852
    -7.35446
    -7.33518
    -7.35093
    -7.37612
    -7.34629
    -7.36344
    -7.38019
    -7.36178
     -7.3684
    -7.34074
    -7.39519
    -7.36276
    -7.36359
    -7.36176
    -7.39365
    -7.46919
    -7.43382
     -7.4635
     -7.3974
    -7.52025
    -7.45394
    -7.42594
    -7.41903
    -7.46278
    -7.46798
    -7.42652
    -7.47564
    -7.42713
    -7.48804
    -7.44928
    -7.46172
    -7.35941
    -7.30968
    -7.30308
    -7.34338
    -7.32875
    -7.35077
    -1.27693
     -1.2892
    -1.27986
    -1.28381
    -1.28914
    -1.29609
    -1.28923
    -1.29922
    -1.28582
    -1.31593
    -1.15021
    -1.15698
    -1.15203
    -1.16552
    -1.17087
     -1.1672
    -1.16888
    -1.17643
    -1.17717
    -1.17126
    -1.17722
    -1.17726
    -1.17558
    -1.18429
     -1.2782
    -1.26873
    -1.23082
    -1.29629
    -1.29873
    -1.31125
    -1.30733
    -1.05035
    -1.07652
    -1.07196
    -1.06797
    -1.07334
    -1.07792
     -1.0823
    -1.08109
    -1.08226
    -1.10843
    -1.08357
    -1.08576
    -1.11883
    -1.14469
    -1.17542
     -1.2502
    -1.11645
    -1.14245
    -1.21261
    -1.11378
    -1.10944
    -1.10478
    -1.12258
    -1.12276
    -1.11788
     -1.1259
    -1.12557
    -1.13083
    -1.13076
    -1.13725
    -1.13723
    -1.13705
    -1.13531
    -1.14016
   -0.974674
   -0.997844
   -0.995012
   -0.993719
    -1.00417
    -1.00381
    -1.00445
    -1.00513
    -1.00321
    -1.00839
    -1.01133
    -1.01031
    -1.02152
    -1.01767
    -1.01724
    -1.02135
    -1.02424
    -1.07034
    -1.03087
    -1.02757
    -1.04276
    -1.03507
    -1.03563
    -1.04985
    -1.04693
    -1.04828
    -1.04509
    -1.04807
     -1.0531
      -1.053
    -1.05499
     -1.0572
    -1.05777
    -1.05589
    -1.05295
    -1.05409
    -1.05812
   -0.918352
   -0.906164
   -0.919616
    -0.92104
   -0.931765
   -0.926147
   -0.926373
   -0.931409
    -0.92617
   -0.936833
   -0.935124
   -0.939938
   -0.947446
   -0.943361
   -0.942887
   -0.941204
   -0.943015
    -0.99421
   -0.954342
   -0.949777
   -0.949175
   -0.960971
   -0.954278
    -0.96993
   -0.963092
   -0.965525
   -0.968067
   -0.962057
   -0.961485
   -0.967671
    -0.96666
   -0.964317
   -0.966989
   -0.966328
    -0.96834
   -0.964494
   -0.968214
   -0.973718
   -0.968542
   -0.968967
   -0.833542
   -0.822352
   -0.836044
   -0.849573
   -0.844841
   -0.846922
   -0.852989
   -0.855322
   -0.852551
   -0.855101
   -0.858955
   -0.858857
   -0.858391
   -0.854783
   -0.880438
   -0.863791
    -0.86634
   -0.864117
   -0.912292
   -0.870191
   -0.868875
    -0.86886
   -0.879806
    -0.87429
   -0.876828
     -0.8825
   -0.883389
   -0.875496
   -0.876429
   -0.882338
   -0.876336
   -0.877281
   -0.880215
   -0.873079
   -0.876892
   -0.869484
   -0.874786
   -0.882175
   -0.868264
   -0.873033
    -0.87376
   -0.871926
   -0.759455
   -0.743255
   -0.753426
   -0.764115
    -0.76502
   -0.769326
   -0.765916
   -0.770737
   -0.769983
   -0.783594
     -0.7694
   -0.773961
   -0.777922
   -0.772399
   -0.805023
   -0.781901
    -0.77791
   -0.779839
    -0.79341
   -0.789341
   -0.785136
   -0.780121
   -0.810855
   -0.778944
   -0.794445
   -0.793973
   -0.786852
   -0.789437
   -0.796964
   -0.786234
   -0.790486
    -0.80348
   -0.779537
   -0.790499
   -0.787605
   -0.781134
   -0.782701
   -0.790334
   -0.781264
   -0.780928
   -0.805083
    -0.77618
   -0.778562
   -0.786965
   -0.751584
   -0.781997
    -0.57119
   -0.688504
   -0.683654
   -0.703101
   -0.695824
   -0.692693
   -0.691958
      -0.708
   -0.709434
   -0.711994
   -0.703252
   -0.711754
   -0.709976
   -0.711128
   -0.715161
    -0.70952
   -0.743918
   -0.708364
   -0.712261
   -0.717895
   -0.715096
   -0.719277
   -0.727915
   -0.722472
   -0.725132
   -0.723412
   -0.707028
   -0.721167
   -0.725187
   -0.716104
   -0.722182
   -0.724836
    -0.71836
   -0.725192
   -0.524656
   -0.616735
   -0.609707
   -0.628383
   -0.626534
    -0.62906
   -0.632366
   -0.635418
   -0.632104
   -0.635263
    -0.63687
   -0.641722
   -0.636266
   -0.643098
   -0.712419
   -0.709825
   -0.702924
   -0.710286
   -0.715153
   -0.683477
   -0.705285
   -0.706991
   -0.696779
   -0.702271
   -0.701066
   -0.696028
   -0.697467
   -0.701422
   -0.699076
   -0.697848
   -0.699292
   -0.696873
   -0.700051
   -0.689916
   -0.692223
    -0.62827
   -0.630704
   -0.667753
   -0.638776
    -0.63183
   -0.636774
    -0.64058
   -0.636708
   -0.637493
   -0.647577
   -0.639469
   -0.640389
   -0.647867
   -0.629301
   -0.634221
   -0.641728
   -0.629301
    -0.62786
   -0.620901
    -0.62538
   -0.632238
   -0.613435
   -0.616939
   -0.623349
   -0.623513
   -0.686862
   -0.675737
   -0.682826
   -0.688183
    -0.68616
   -0.676722
   -0.682928
   -0.687514
    -0.68143
   -0.681338
   -0.691974
   -0.671292
   -0.676388
   -0.675178
   -0.666913
   -0.670095
    -0.67535
   -0.672504
   -0.494291
   -0.509125
   -0.520722
   -0.511515
    -0.53185
   -0.525352
   -0.526951
   -0.525084
   -0.528904
   -0.544944
   -0.529238
   -0.536454
   -0.539918
   -0.534806
   -0.538057
   -0.535687
   -0.562098
   -0.540221
    -0.53162
    -0.53907
   -0.544529
   -0.523573
   -0.534112
   -0.537185
    -0.54275
   -0.547868
   -0.609673
   -0.613197
   -0.612579
   -0.604687
    -0.61072
   -0.598433
   -0.601606
   -0.604794
   -0.591749
   -0.597111
   -0.602179
   -0.587536
   -0.590282
   -0.597146
   -0.584461
   -0.671805
   -0.664685
   -0.671533
   -0.669759
   -0.530051
   -0.536328
   -0.526965
   -0.527303
   -0.540071
   -0.511484
   -0.520668
   -0.528168
   -0.514169
   -0.518458
   -0.510887
   -0.512336
   -0.521011
   -0.496219
   -0.510046
   -0.577975
   -0.579542
   -0.575854
    -0.57463
   -0.581619
   -0.567963
   -0.570424
   -0.574127
   -0.556297
   -0.561955
   -0.568155
   -0.556919
   -0.558738
   -0.573077
   -0.418536
   -0.392845
   -0.434406
   -0.456492
   -0.448677
   -0.442287
   -0.464993
   -0.459333
   -0.449302
   -0.498315
   -0.473048
   -0.431304
   -0.455772
   -0.477765
   -0.405042
   -0.448974
   -0.494994
   -0.493978
   -0.479521
   -0.490501
   -0.495454
   -0.480751
   -0.484533
   -0.468156
   -0.479488
   -0.480868
    -0.46126
   -0.466782
   -0.477428
   -0.554239
   -0.549837
   -0.551779
   -0.557086
   -0.542725
   -0.545169
   -0.551016
   -0.547132
   -0.455677
   -0.443188
   -0.457986
   -0.462263
    -0.44669
   -0.451479
   -0.435337
   -0.440496
   -0.447821
    -0.42816
   -0.442207
   -0.417806
   -0.424436
   -0.394037
   -0.416951
   -0.421309
   -0.411038
   -0.907617
   -0.911239
   -0.931602
   -0.922181
   -0.919336
   -0.924768
   -0.996905
   -0.950825
   -0.952122
   -0.930713
    -1.03149
    -1.01858
    -1.02811
   -0.890894
   -0.895721
   -0.908355
   -0.883763
   -0.894474
   -0.897371
   -0.909055
   -0.903837
    -0.90654
   -0.898465
   -0.925895
   -0.928029
    -0.82637
   -0.837896
   -0.882923
   -0.951519
   -0.867513
   -0.815509
    -0.83518
   -0.952858
   -0.981006
   -0.864937
   -0.847723
   -0.843225
   -0.873726
   -0.881483
   -0.881526
   -0.895009
   -0.890135
   -0.943527
   -0.940634
   -0.805744
   -0.808222
    -0.81337
   -0.810463
   -0.811763
   -0.808502
   -0.818043
   -0.816703
   -0.826588
   -0.826459
   -0.830391
   -0.835377
   -0.838222
   -0.832413
   -0.892019
   -0.845968
    -0.86519
    -0.88512
   -0.897707
   -0.864522
   -0.863292
   -0.877811
   -0.868524
   -0.868968
   -0.868571
   -0.873605
   -0.876182
   -0.908595
   -0.877579
   -0.879759
   -0.891313
   -0.879692
   -0.884188
   -0.891827
   -0.878975
   -0.892302
   -0.894429
   -0.893806
   -0.902929
   -0.908422
   -0.891608
   -0.904505
   -0.913697
   -0.901363
    -0.90772
   -0.920262
   -0.914854
   -0.918427
   -0.948193
   -0.922126
   -0.931216
   -0.741145
   -0.720645
   -0.720799
   -0.754879
    -0.72192
   -0.725483
   -0.731152
   -0.730662
   -0.747344
   -0.741546
   -0.740306
   -0.752316
   -0.757445
   -0.753585
   -0.765999
   -0.766963
   -0.785389
   -0.812242
   -0.776608
   -0.769179
    -0.80674
   -0.839716
   -0.775856
   -0.773528
   -0.785635
   -0.773898
   -0.778276
   -0.785673
   -0.773981
   -0.784125
   -0.788264
   -0.780088
   -0.790223
   -0.801766
   -0.758071
   -0.783181
   -0.805461
   -0.610638
   -0.622413
   -0.618498
   -0.615085
   -0.636727
   -0.617629
   -0.619372
   -0.623097
   -0.636205
   -0.634865
   -0.630132
   -0.619111
   -0.640209
   -0.783182
   -0.810951
   -0.787935
   -0.795199
   -0.796797
    -0.76244
   -0.801786
   -0.796924
    -0.79755
     -0.8015
   -0.816097
   -0.795143
   -0.806049
   -0.817865
   -0.802615
   -0.804878
   -0.817517
   -0.811523
   -0.834073
   -0.729539
   -0.616594
   -0.641707
   -0.656966
   -0.645548
   -0.652791
    -0.64952
   -0.647433
   -0.654942
   -0.658648
   -0.662607
   -0.663293
   -0.669156
   -0.666781
   -0.667582
   -0.687326
    -0.66353
   -0.668267
   -0.671279
   -0.662063
    -0.67382
   -0.674375
   -0.655664
   -0.668097
   -0.675398
   -0.668486
   -0.670553
   -0.682072
   -0.676538
   -0.679624
   -0.691397
   -0.665245
   -0.677333
   -0.678436
   -0.673507
   -0.688671
   -0.545866
   -0.544896
   -0.542456
   -0.544259
   -0.546143
   -0.555436
   -0.546938
   -0.547903
   -0.550093
   -0.557579
   -0.556088
    -0.55576
   -0.555021
   -0.561712
   -0.556689
   -0.557695
   -0.571904
   -0.553072
   -0.561401
   -0.563983
   -0.680057
   -0.675172
   -0.679757
   -0.697414
   -0.670406
   -0.682348
   -0.688695
   -0.692671
   -0.683772
   -0.429065
   -0.430982
   -0.444266
   -0.446024
   -0.451189
    -0.45167
   -0.563998
   -0.555891
   -0.557734
   -0.562515
   -0.540373
   -0.552044
   -0.557469
   -0.553761
   -0.557856
   -0.557342
   -0.553301
   -0.553346
   -0.568079
   -0.542966
   -0.550761
   -0.552827
    -0.54649
   -0.548762
   -0.529248
   -0.547331
   -0.539128
   -0.546337
   -0.532961
   -0.535589
   -0.544732
   -0.529729
   -0.531572
   -0.539014
   -0.534444
   -0.342431
   -0.393394
   -0.419001
   -0.473961
   -0.392795
   -0.393809
   -0.397135
   -0.398391
   -0.399903
   -0.426761
   -0.393256
   -0.401483
   -0.419966
   -0.391483
   -0.411945
   -0.417207
   -0.412519
   -0.429127
    -0.49005
