   0.0881137
   0.0603706
    0.087369
   0.0927908
    0.102857
   0.0728412
   0.0839291
   0.0900875
   0.0748393
   0.0960758
   0.0956373
   0.0816716
   0.0889803
   0.0429048
   0.0495845
   0.0219437
 -0.00560039
 -0.00199006
  0.00154573
  0.00313053
 -0.00151888
   0.0285289
 -0.00998024
 -0.00540211
 -0.00972263
   0.0304167
  -0.0176449
   0.0964297
   0.0713022
    0.117565
    0.113031
    0.128953
    0.112156
    0.105023
    0.106618
   0.0852304
   0.0791899
   0.0866261
   0.0813376
   0.0866225
   0.0800221
   0.0710466
   0.0823359
   0.0779528
   0.0884945
   0.0846925
   0.0865023
   0.0798533
   0.0687589
   0.0315595
   0.0392876
   0.0312152
   0.0077725
  -0.0851362
   0.0108026
   0.0106199
   0.0107359
   0.0137078
  0.00496885
  0.00674852
  0.00017738
  -0.0119054
  0.00747508
   0.0014492
  0.00273899
 6.03666e-05
  0.00665675
-0.000406533
-0.000812396
  -0.0130585
  0.00288722
 -0.00337381
   0.0164119
   0.0036024
  0.00951448
-0.000229512
   0.0157251
  -0.0137314
 -0.00152224
 -0.00886075
  0.00878571
 0.000209571
   0.0204158
  0.00489804
    0.116938
    0.086932
 -0.00883351
    0.126261
  -0.0389837
    0.128702
    0.120136
     0.12816
    0.124051
    0.107465
    0.111498
    0.101036
   0.0887075
   0.0966911
 0.000279311
  -0.0815719
   0.0102327
  0.00150445
  0.00243441
  0.00541014
 -0.00423671
 -0.00387345
 -0.00818762
-0.000123302
  -0.0124947
 -0.00368604
   -0.008262
 -0.00507517
 -0.00741401
 -0.00815616
 -0.00272455
  -0.0145981
  0.00746292
  -0.0100915
 -0.00562672
  -0.0095724
 0.000163008
  -0.0375369
-0.000583123
 -0.00871418
  0.00242796
  0.00354781
  0.00150334
  0.00354008
  0.00169111
   0.0143245
  0.00419709
  0.00309878
 -0.00514023
  0.00166474
 -0.00471463
 0.000865334
   0.0040156
  -0.0131007
  -0.0090867
  -0.0416427
  0.00348388
  -0.0237603
  -0.0055144
 -0.00567364
   0.0012391
 -0.00889323
 -0.00337867
 -0.00146599
  -0.0195251
  -0.0174797
  -0.0100526
  -0.0358896
 -0.00286111
  -0.0108117
  0.00786137
  -0.0128685
  -0.0111838
 -0.00881103
  -0.0349712
  -0.0179902
  -0.0336092
   0.0041822
  -0.0345982
   -0.024162
  -0.0775519
  -0.0176803
  -0.0348617
 -0.00988934
  -0.0257462
  0.00472948
  -0.0144785
  -0.0191024
  -0.0796216
 -0.00521239
  -0.0390624
   -0.017241
  -0.0555531
  0.00685309
  -0.0708769
   -0.052574
   -0.110243
  -0.0313022
  -0.0737143
  -0.0906862
  0.00100424
 -0.00283566
  0.00876995
 -0.00741333
 -0.00547941
  -0.0179916
  0.00318792
  -0.0266693
   0.0122297
 -0.00112109
   0.0173953
   0.0088052
   0.0125883
 -0.00189486
  0.00211599
  0.00789649
   0.0122857
-4.64588e-05
   0.0199317
 -0.00657702
-0.000889218
  -0.0106106
  0.00458732
  -0.0117583
   0.0142863
 -0.00241843
    0.018221
 -0.00711418
 -0.00766672
  -0.0119241
   -0.019259
  -0.0362287
-1.94149e-05
  -0.0194101
    0.018904
  -0.0103849
   -0.013992
  -0.0374857
  0.00413735
  -0.0281959
   0.0124442
  -0.0127902
   0.0236442
 -0.00918283
  -0.0033618
  -0.0157446
  -0.0126939
   -0.053952
   0.0114491
  -0.0613011
  -0.0352153
   -0.139232
   -0.052481
   -0.119907
  0.00462072
  -0.0196459
   -0.155025
 -0.00603126
   -0.026644
 -0.00287273
  -0.0184677
  -0.0166147
   0.0263688
   0.0194427
    0.014999
   0.0185366
  0.00410675
   0.0218624
   0.0217048
   0.0303299
   0.0183363
    0.023421
   0.0266699
   0.0184821
   0.0237295
   0.0139489
   0.0136432
   0.0179436
   0.0144817
   0.0288009
   0.0174825
   0.0315663
    0.029778
   0.0231457
   0.0219752
   0.0246798
   0.0171887
  0.00701785
   0.0256673
    0.012916
   0.0174022
   0.0227383
   0.0236918
   0.0250598
   0.0133438
   0.0275681
   0.0200897
   0.0453878
   0.0220487
   0.0289942
   0.0243046
   0.0118414
   0.0280526
  -0.0840603
  -0.0246772
  -0.0744223
  -0.0971906
  0.00396173
  -0.0288753
  -0.0203981
 -0.00310025
   0.0161483
  0.00912443
    0.021606
   0.0139629
   0.0260455
   0.0155253
   0.0141441
   0.0153123
   0.0135593
   0.0137504
   0.0146387
   0.0127371
   0.0259869
 -0.00919444
  -0.0214827
 -0.00949065
  -0.0190184
   0.0179407
-0.000889343
   0.0055022
 -0.00549404
 -0.00745232
  -0.0128899
  -0.0250815
  0.00180357
  -0.0369493
  -0.0224577
  -0.0608818
  -0.0106992
  -0.0286762
 -0.00153335
 -0.00973339
  0.00489448
  -0.0209999
  -0.0221187
   -0.059396
  -0.0265767
  -0.0671827
  -0.0370061
  -0.0682274
 -0.00199414
  -0.0332401
  -0.0117088
  -0.0601338
  -0.0178438
  -0.0315922
 -0.00177679
  -0.0396955
   0.0181683
  -0.0426986
  -0.0042168
   0.0289049
   0.0207054
   0.0274009
    0.018593
    0.023901
  -0.0217446
   0.0125506
  -0.0276969
   -0.012613
  -0.0191927
 0.000707877
  -0.0152493
  -0.0156659
  -0.0291882
  -0.0226294
  -0.0284264
  -0.0574217
  -0.0168765
  -0.0424173
  -0.0400535
 9.66956e-05
   0.0233337
 0.000674026
  0.00687587
  0.00239109
  0.00500943
   0.0010034
 -0.00503899
 -0.00098835
   0.0168387
   -0.011703
  -0.0418241
 -0.00238217
  -0.0203048
 -0.00125564
  -0.0172198
  -0.0225784
  -0.0209421
  -0.0475156
  -0.0138184
  -0.0291056
-0.000384297
   -0.022263
   -0.037764
  0.00364897
   -0.048239
  -0.0165311
  -0.0151465
   0.0036948
  0.00253339
   0.0258257
-0.000959165
 -0.00492297
 -0.00203656
  -0.0126679
  -0.0211575
  -0.0171093
   -0.026338
  -0.0400732
  -0.0206734
  -0.0453844
 -0.00431042
  -0.0189737
 -0.00589369
  -0.0349777
  -0.0486844
  -0.0878032
  -0.0579192
   -0.103152
  -0.0342011
  -0.0471599
   0.0124757
  -0.0278867
   0.0350339
  -0.0175984
  -0.0262394
  -0.0680789
  -0.0257392
  -0.0641356
   0.0193392
  -0.0564042
  -0.0526533
  -0.0301325
  -0.0827374
  -0.0216195
  -0.0656801
   0.0117345
  -0.0523134
  -0.0555533
  -0.0948062
   -0.100354
  0.00790137
  0.00693434
-0.000525168
  0.00720023
  0.00368182
  0.00573511
   0.0074148
  0.00126167
 -0.00959273
-0.000913284
-0.000612573
  0.00270101
 -0.00344243
   -0.021314
 -0.00771441
  -0.0323856
 -0.00179896
  -0.0312294
  -0.0297382
  -0.0321038
 0.000269479
  -0.0171625
  -0.0175555
  -0.0322206
   0.0237901
  -0.0270544
  -0.0214671
 -0.00873665
   0.0014994
  -0.0421008
  0.00718839
  -0.0372758
  -0.0341669
  -0.0840691
  -0.0220409
  -0.0439936
 -0.00156701
  -0.0381066
  -0.0303444
  -0.0231071
   -0.082185
   0.0342811
  -0.0407372
   0.0362088
   0.0354953
    0.045927
   0.0424715
   0.0383244
   0.0273393
   0.0256466
   0.0346627
   0.0344214
   0.0274054
   0.0186943
   0.0330684
   0.0409274
   0.0320297
   0.0388329
   0.0322968
   0.0429521
   0.0254327
    0.024617
   -0.015024
   0.0419601
   0.0295144
   0.0420754
   0.0311625
   0.0403613
   0.0318421
   0.0395133
   0.0393245
   0.0258328
 7.01588e-05
  -0.0160332
  -0.0348576
  -0.0385761
  -0.0945587
  -0.0315618
  -0.0526372
  -0.0247964
  -0.0729071
  -0.0614051
  0.00106932
 -0.00182918
   0.0106293
 0.000359053
  0.00610297
    0.011482
  0.00159162
  0.00799849
  0.00575351
   0.0106434
  0.00476906
  0.00641935
  -0.0358375
  -0.0273836
  -0.0650512
  -0.0194444
  -0.0524786
  -0.0133977
  -0.0405745
  -0.0210206
  -0.0937107
  -0.0299946
  -0.0320721
  -0.0630655
  -0.0389116
  -0.0107985
  -0.0231939
  -0.0159553
  -0.0560865
  -0.0119926
  -0.0533418
  -0.0227559
  -0.0566546
  -0.0190271
  -0.0347808
   0.0475979
   0.0337342
   0.0247614
   0.0239908
   0.0273714
   0.0123352
   0.0266294
   0.0226008
   0.0368295
   0.0260973
   0.0225657
   0.0305304
  0.00818709
   0.0312412
   0.0444851
   0.0373091
     0.04866
   0.0363067
   0.0285635
   0.0393063
   0.0245457
   0.0295948
   0.0225005
   0.0110889
 -0.00175768
  -0.0131093
  -0.0346333
  -0.0444082
  -0.0382974
  -0.0499451
  -0.0128964
  -0.0466948
  -0.0222458
  -0.0329249
  -0.0437657
  -0.0656479
  -0.0415369
  -0.0230865
  -0.0838024
  -0.0164309
  -0.0464234
 0.000930406
   -0.045924
  -0.0499173
  -0.0836131
   0.0481191
   0.0241328
   0.0168372
   0.0286879
   0.0210004
   0.0491017
   0.0269804
   0.0302092
   0.0280996
   0.0326418
   0.0233199
   0.0115447
   0.0130748
 -0.00393236
  -0.0193559
  -0.0438331
  -0.0350853
  -0.0495136
  -0.0536195
   0.0204348
   0.0200409
   0.0143062
   0.0246746
   0.0164886
   0.0331196
   0.0251845
   0.0290191
   0.0100173
   0.0208316
   0.0422968
   0.0267354
   0.0204722
   0.0226863
  -0.0653958
  -0.0775545
  -0.0557726
  -0.0470523
  -0.0391756
  -0.0430632
  -0.0451862
  -0.0425245
  -0.0534592
  -0.0423949
  -0.0700581
   -0.037762
  -0.0457943
  -0.0274838
  -0.0434341
  -0.0495965
  -0.0449977
  -0.0536146
   -0.049512
  -0.0597828
  -0.0310311
  -0.0521981
  -0.0710084
  -0.0422067
  -0.0420177
   0.0105493
   0.0164845
     0.03606
  -0.0111269
  -0.0923747
   -0.125493
   0.0227545
   0.0157855
   0.0147485
   0.0142543
   0.0112054
   0.0117162
   0.0126317
  0.00603793
   0.0169226
  -0.0138854
   0.0138208
  0.00836341
     0.01616
  0.00763037
   0.0137247
  0.00925811
-0.000863427
  -0.0110533
 3.33331e-05
 -0.00675248
  -0.0514823
  -0.0768233
  -0.0848862
  -0.0980768
  -0.0999463
   -0.100495
  -0.0964262
  -0.0969888
   -0.105498
  -0.0738619
  -0.0734321
  -0.0560994
  -0.0685546
  -0.0879915
  -0.0559448
  -0.0648538
  -0.0707519
  -0.0570752
  -0.0725087
  -0.0594972
  -0.0680419
  -0.0462984
  -0.0655094
  -0.0764488
  -0.0427574
  -0.0818634
    0.011899
    0.134496
   0.0313858
   0.0197398
   0.0217412
   0.0156496
   0.0141096
   0.0120033
  0.00740962
   0.0231833
   0.0128642
   0.0155236
   0.0201331
  -0.0440713
 -0.00167504
  -0.0337594
   -0.101816
   0.0157676
   0.0122058
  -0.0576873
  -0.0435197
  -0.0261381
   0.0116944
-0.000799232
   0.0110982
   0.0073225
  0.00112108
   0.0054833
  0.00102244
  0.00885829
  0.00371174
  0.00458559
  0.00334828
  -0.0026319
  0.00738041
   0.0104893
   0.0118964
  0.00772841
   0.0178491
   0.0100958
 -0.00144617
   0.0104392
  0.00620839
   0.0162769
  0.00921764
   0.0196795
   0.0102452
 -0.00759739
  -0.0132217
  -0.0244309
 -0.00756075
  -0.0222374
  0.00865385
 -0.00295242
 0.000262859
    0.005939
   0.0192933
   0.0314231
   0.0320099
   0.0254322
   0.0303988
   0.0266751
   0.0244185
   0.0273754
   0.0259283
   0.0322098
   0.0208789
    0.028964
   0.0238201
   0.0209181
  0.00599062
  -0.0252746
   0.0248847
  0.00712319
   0.0162487
   0.0130172
   0.0114942
   0.0354255
   0.0144842
  0.00567446
   0.0104069
  0.00605521
   0.0185144
   0.0162355
  0.00444407
   0.0245026
    0.018154
   0.0138766
   0.0154591
   0.0105114
   0.0237928
   0.0186393
 -0.00321874
   0.0209699
    0.015516
  0.00948712
   0.0195802
   0.0116504
     0.02353
   0.0109598
  0.00228533
  -0.0216758
  0.00445493
 -0.00114346
  0.00820269
-0.000947583
 -0.00560285
    0.087727
   0.0823122
   0.0850626
 -0.00925157
  -0.0121311
  -0.0392821
  -0.0619362
  -0.0535054
  -0.0553921
  -0.0674585
  -0.0718299
  -0.0948745
  -0.0680031
  -0.0797503
  -0.0950205
  -0.0839375
   0.0772956
   0.0410335
   0.0385636
  0.00843885
   0.0202633
   0.0171335
   0.0202619
   0.0213506
    0.013979
    0.014662
   0.0074116
  -0.0219975
   0.0119114
  0.00925421
    0.014046
    0.014151
  0.00828761
   0.0156285
-0.000628674
 0.000680946
 -0.00736848
   0.0130293
  0.00404371
-0.000949774
  0.00138082
  0.00414848
   0.0058682
  -0.0048129
   0.0220335
 -0.00625713
   0.0445998
    0.017422
 -0.00970753
   0.0232842
   0.0185817
  0.00709447
   0.0165105
  -0.0309046
   0.0201751
-0.000273499
  -0.0181778
    0.015222
   0.0077923
  0.00597351
   0.0200774
   0.0102922
   0.0186096
   0.0142022
   0.0285744
   0.0135832
  0.00168028
   0.0592539
   0.0306946
   0.0279756
   0.0396686
   0.0194636
  0.00464078
   0.0236474
   0.0170523
   0.0157493
   0.0285293
   0.0397164
   0.0229838
   0.0271268
   0.0188167
   0.0102846
   0.0258288
   0.0200183
   0.0191163
   0.0178437
  -0.0215068
 -0.00731267
   -0.022899
  -0.0231052
  0.00507703
 -0.00468927
 -0.00841175
  -0.0064811
  -0.0101695
 -0.00821779
  -0.0132955
 -0.00948251
   -0.014489
  -0.0129451
  -0.0105964
  -0.0172409
  -0.0303418
  0.00997588
 -0.00776621
  0.00282781
 -0.00079955
  0.00958784
  0.00307939
   0.0174622
  0.00392192
  0.00487382
  0.00699028
 0.000121475
   0.0108305
 -0.00477651
    0.012263
 -0.00325144
 -0.00318361
  0.00285436
 -0.00376373
  0.00967201
  0.00332964
   0.0123015
  0.00309835
 -0.00372065
  0.00380116
  -0.0103202
   0.0284105
    0.015412
   0.0476048
   0.0236429
  0.00847928
   0.0396146
  0.00198126
   0.0800218
    0.033618
   0.0132286
  0.00969892
   0.0134635
  0.00581601
 -0.00303857
   0.0063647
 0.000830608
  0.00493797
-0.000404072
   0.0149222
-0.000699234
 -0.00343546
-0.000122012
  0.00531436
  -0.0103672
 -0.00665011
   -0.010403
 -0.00967844
 -0.00951651
  -0.0177329
-0.000996605
 -0.00977914
  -0.0140384
 -0.00599124
 -0.00707881
 -0.00105528
 -0.00351447
  -0.0180135
-0.000235333
 -0.00157498
 -0.00395777
 -0.00456056
 -0.00819853
    -0.01008
  -0.0106763
   -0.021711
 -0.00747083
   -0.015171
  -0.0198269
  -0.0120083
 -0.00884177
   0.0136159
   0.0282972
 -0.00515727
   0.0534464
  0.00398492
  0.00210952
  0.00670107
  0.00463224
  0.00714233
  0.00217204
   0.0163015
  0.00985756
  0.00787801
    0.011527
 -0.00934491
   0.0305665
   0.0320886
   0.0332782
   0.0297013
  0.00886913
   0.0258497
   0.0232463
   0.0220511
   0.0208664
   0.0220642
   0.0187543
   0.0215148
   0.0161287
   0.0220252
  0.00549315
   0.0163748
    0.023353
  -0.0100205
 -0.00856852
   0.0247129
   0.0184088
   0.0073354
   0.0243023
   0.0193643
   0.0245497
   0.0148642
   0.0236654
  0.00743046
 -0.00803848
   0.0523824
   0.0187243
   0.0129831
   0.0147243
   0.0160071
    0.020033
  0.00940227
    0.014472
   0.0434204
   0.0154283
   0.0103701
   0.0207097
   0.0130634
    0.025382
    0.020108
   0.0102454
   0.0475019
   0.0150254
   0.0112012
    0.024719
   0.0142629
   0.0188715
   0.0104115
  -0.0066805
 -0.00224855
 -0.00700243
  -0.0178376
 -0.00317972
 -0.00637782
  -0.0109652
 -0.00512608
 -0.00956985
 -0.00785963
 -0.00969123
  -0.0190471
 -0.00293514
  -0.0103932
 -0.00766712
 -0.00683902
  -0.0052868
   0.0432146
   0.0458185
   0.0347436
    0.030732
    0.029191
   0.0195025
   0.0286585
   0.0244754
   0.0294138
   0.0224842
   0.0189439
   0.0397081
   0.0263947
   0.0128888
   0.0272818
   0.0018176
 -0.00722574
 0.000936984
   0.0036875
    0.029121
   0.0287173
   0.0166652
   0.0249723
   0.0131234
   0.0252831
   0.0153417
  -0.0108519
   0.0190874
   0.0153081
 -0.00803364
   0.0139742
  0.00761475
    0.021006
   0.0142926
   0.0356424
   0.0155578
  0.00634266
   0.0178518
    0.016488
    0.025695
   0.0138396
   0.0361095
   0.0260939
  0.00555708
   0.0255673
   0.0206399
   0.0178192
   0.0181378
   0.0087535
   0.0486099
   0.0130744
 0.000358018
   0.0227422
   0.0115741
   0.0246789
   0.0184725
 -0.00467052
   0.0183143
   0.0140479
   0.0191057
   0.0146896
   0.0194165
 -0.00599773
 -0.00615115
 -0.00978274
   -0.014993
  0.00206694
  -0.0104779
  -0.0137599
 -0.00934365
  -0.0548009
    0.139431
-0.000177275
 -0.00811216
  -0.0034051
 -0.00605726
  -0.0129941
  -0.0150422
  -0.0196114
 -0.00386802
 -0.00973224
  -0.0179963
  -0.0142655
  -0.0210256
  -0.0164139
  -0.0195742
  -0.0983849
  -0.0241545
  -0.0238748
  -0.0238523
   -0.012148
  -0.0202991
  -0.0152391
  -0.0220337
  -0.0193756
  -0.0245452
  -0.0322521
  -0.0172183
  -0.0261758
  -0.0218784
   -0.017704
 -0.00656097
   -0.019874
  -0.0242984
  -0.0156692
  -0.0152428
  -0.0127393
  -0.0199057
  -0.0128945
  -0.0186774
   -0.028052
  -0.0142181
  -0.0329295
    0.032836
   0.0151036
  -0.0178792
   0.0367905
   0.0115759
 -0.00745174
   0.0191764
  0.00510008
   0.0245695
   0.0169272
  -0.0172809
   0.0429288
   0.0183414
  0.00971555
   0.0345162
   0.0153825
   0.0152696
   0.0527447
   0.0205864
   0.0122325
   0.0219617
   0.0199401
   0.0363184
   0.0209087
    0.001978
   0.0229784
    0.011755
  0.00449263
   0.0233091
  0.00677233
-0.000354694
  -0.0120672
  -0.0152801
  -0.0168094
   -0.010477
  -0.0203818
  -0.0252731
  -0.0173186
   -0.027279
  -0.0233497
  -0.0284286
  -0.0180656
  -0.0280042
   0.0277844
   0.0281942
   0.0124457
   0.0306884
   0.0164116
 -0.00289138
   0.0333001
   0.0192708
   0.0100114
   0.0266962
   0.0202633
   0.0213094
   0.0173913
   0.0211339
   0.0180498
   -0.018704
  -0.0253161
  -0.0167725
  -0.0237599
 -0.00574562
  -0.0148531
  -0.0472314
  -0.0167581
  -0.0177766
  -0.0255334
   0.0305244
   0.0325761
   0.0253928
  0.00402232
   0.0520806
   0.0308928
  0.00708893
    0.043653
    0.010056
    0.053531
  0.00429035
  -0.0169031
  -0.0183958
  -0.0194006
  -0.0120515
  -0.0157167
  -0.0297614
 -0.00934869
  -0.0168491
  -0.0238351
  -0.0178975
   0.0330607
  -0.0165699
  -0.0216041
  -0.0177729
  -0.0235024
  -0.0291041
  -0.0266924
 -0.00438173
 -0.00397609
   0.0495173
   0.0401388
   0.0144892
   0.0536267
   0.0443648
   0.0432413
   0.0741506
   0.0730101
   0.0831417
    0.065994
   0.0767773
   0.0322916
  -0.0426622
   0.0421799
  -0.0382572
    -0.10994
  -0.0833348
  -0.0839063
  -0.0778485
   0.0593949
   0.0230293
  -0.0198288
 -0.00265696
  0.00165171
   0.0198763
  0.00560664
   0.0233674
  0.00509068
  -0.0413349
  -0.0363304
   0.0123402
  0.00281636
  0.00841251
  0.00156437
  0.00144772
 -0.00110994
 -0.00737335
 -0.00664946
  -0.0140237
  -0.0145374
  -0.0113188
  -0.0196701
  -0.0206935
  -0.0237982
  -0.0155517
  -0.0466021
  -0.0807922
  -0.0837035
  -0.0506955
  -0.0289784
   -0.036687
  -0.0381573
  -0.0465671
  -0.0524585
  -0.0345477
  -0.0501794
  -0.0666897
  -0.0652071
  -0.0737297
 -0.00524572
   0.0142173
   0.0319065
   0.0156579
   0.0121396
   0.0165908
   0.0130233
  0.00777318
  0.00122799
 -0.00385995
   0.0140349
  0.00537305
 -0.00128928
  0.00255259
 -0.00244966
 -0.00837247
 -0.00650986
  -0.0209364
  -0.0017114
  -0.0105813
  -0.0187781
   -0.017192
  -0.0190515
  -0.0149889
  -0.0234161
   -0.025049
  -0.0272306
  -0.0379895
   -0.030195
  -0.0416361
  -0.0414265
  -0.0457189
    -0.10904
  -0.0890831
   0.0244636
   0.0382598
   0.0446292
   0.0398304
    0.046715
   0.0396025
   0.0400879
   0.0342421
   0.0318017
    0.028063
   0.0283194
   0.0253594
   0.0191523
   0.0236483
   0.0172912
  0.00684118
   0.0148076
   0.0121194
  0.00652179
 -0.00171842
 -0.00367319
 -0.00331822
  -0.0131275
 -0.00148091
 -0.00406136
 -0.00335196
  -0.0110637
 -0.00856171
  -0.0150655
  -0.0183853
  -0.0175724
   -0.025045
  -0.0231244
  -0.0292544
  -0.0253099
   -0.037134
   0.0775231
   0.0723413
   0.0767035
   0.0700768
   0.0822299
    0.069555
   0.0681278
   0.0621845
   0.0631739
   0.0597367
    0.057765
   0.0594906
   0.0487468
   0.0495386
   0.0496425
   0.0389483
   0.0423113
   0.0418834
   0.0396271
   0.0312097
   0.0235952
   0.0225229
   0.0177365
   0.0258253
   0.0239926
   0.0235659
   0.0224879
  0.00753186
   0.0242607
   0.0175499
  0.00944926
  0.00854714
  0.00221147
  0.00706962
  0.00432925
  0.00913561
 -0.00229543
  -0.0164492
 -0.00881524
 -0.00597562
 -0.00585518
  -0.0144509
  -0.0095338
  -0.0146325
  -0.0242246
  -0.0129483
   -0.025998
  -0.0199789
  -0.0267496
  -0.0205982
  -0.0264423
  -0.0306364
  -0.0259915
  -0.0328948
  -0.0352983
  -0.0361876
  -0.0274939
  -0.0406521
  -0.0462208
  -0.0431162
   -0.044191
  -0.0448733
    -0.04765
   -0.050781
   -0.039966
  -0.0526772
  -0.0524985
  -0.0463065
-0.000458283
  -0.0915114
  -0.0239589
   -0.029864
   0.0311132
  -0.0321307
   0.0289006
  -0.0271455
  -0.0929471
   0.0613095
  -0.0248399
   -0.077998
    0.100381
 -0.00411593
   -0.053047
    0.010561
   -0.043782
   -0.118139
  -0.0121732
  -0.0379428
  -0.0660825
   0.0255778
   0.0458104
   0.0486101
   0.0446437
   0.0494717
   0.0429825
   0.0423422
   0.0394556
   0.0300082
   0.0390596
    0.033368
   0.0327351
   0.0296431
   0.0301295
   0.0271956
   0.0180775
   0.0256882
   0.0193878
   0.0173298
   0.0115365
   0.0193203
   0.0106488
   0.0055442
   0.0062749
  0.00548362
  0.00710617
 0.000668889
  0.00794091
  9.4298e-05
 -0.00110778
 -0.00297798
 -0.00577464
  -0.0032467
 -0.00659259
 -0.00653366
  -0.0105113
  -0.0114836
  -0.0137613
  -0.0177148
  -0.0136617
  -0.0198241
  -0.0169369
  -0.0173551
   -0.021449
  -0.0256264
 -0.00961773
  -0.0191069
  -0.0179263
  -0.0212885
   0.0326434
  -0.0228865
   0.0566137
  -0.0202651
   0.0677454
-0.000248299
  -0.0973502
   0.0849909
   0.0180204
  -0.0545509
    0.102274
   0.0440907
  -0.0235375
   0.0578571
  0.00864273
   0.0303166
  -0.0567789
   0.0840214
   0.0462902
 -0.00342433
    0.035992
 -0.00653286
   0.0592113
   0.0164038
  -0.0604584
   0.0998476
   0.0032655
  -0.0431893
   0.0225292
 -0.00445346
    0.063112
   -0.004527
  -0.0583322
    0.073191
  0.00955833
  -0.0553565
  0.00801146
  -0.0240115
   0.0424218
   0.0120497
  -0.0564166
  -0.0631687
   0.0156255
  0.00962631
  -0.0618745
   0.0113162
   -0.039828
 -0.00040575
  -0.0101112
  -0.0707784
   0.0702255
  -0.0120253
    -4.11281
    -4.13046
    -4.10746
    -4.11608
     -4.0828
    -4.10779
    -4.02276
    -4.13701
    -4.17286
    -4.13667
    -4.16406
    -4.22309
    -4.13159
    -4.15809
    -4.13653
    -4.13887
    -4.13213
    -4.15838
     -4.0474
    -4.11666
    -4.00458
    -4.01343
    -4.03285
    -4.00747
    -4.00783
     -4.0263
    -3.99776
    -4.00114
    -4.01778
    -4.01528
    -4.03393
    -4.03806
    -4.02584
    -4.03948
    -4.16617
     -4.0785
     -4.0953
    -4.18813
    -4.19498
    -4.02296
    -4.06187
    -4.24848
    -4.02935
    -4.03386
    -4.06215
    -4.10585
    -4.13152
    -4.11082
    -4.11786
    -4.11567
    -4.12313
    -4.10637
    -4.11503
    -4.11477
    -4.11884
    -4.10527
    -4.10735
    -4.10866
    -4.10748
    -4.11464
    -4.12629
    -4.09342
    -4.10255
    -4.10864
    -4.09578
    -4.10711
    -4.11455
     -4.0917
    -4.10061
    -4.09938
    -4.10823
    -4.13816
    -4.12521
    -4.12433
    -4.14578
    -4.11127
    -4.11371
    -4.08689
    -4.10534
    -4.12027
    -4.10055
    -3.99283
    -4.00616
    -4.01519
     -4.0156
    -4.01654
     -4.0045
    -4.02146
     -4.0126
    -4.01862
    -3.97453
    -4.00397
    -4.02816
    -3.99648
     -4.0037
    -4.00446
     -4.0083
    -4.01338
    -4.02124
     -3.9948
    -4.00423
    -4.04085
    -4.04274
    -4.01718
    -4.06347
    -4.13109
      -4.131
    -4.12641
    -4.13823
    -4.11144
    -4.11694
    -4.11758
    -4.12184
    -4.08726
    -4.12053
    -4.13645
    -4.11925
    -4.12418
    -4.11588
    -4.12332
    -4.12824
    -4.13333
     -4.1148
    -4.12675
    -4.12311
    -4.12538
    -4.10617
    -4.12186
    -4.11422
    -4.11351
    -4.11556
    -4.12685
    -4.11068
    -4.11829
    -4.10788
    -4.11284
    -4.11907
    -4.10728
    -4.10165
    -4.10742
    -4.11751
    -4.09939
    -4.10849
    -4.12193
    -4.09057
    -4.10204
    -4.10714
    -4.10917
    -4.08743
    -4.11683
    -4.14275
    -4.11603
    -4.12188
    -4.13609
    -4.09774
    -4.12402
    -4.10191
    -4.10611
    -4.12621
    -4.11597
    -4.08073
    -4.10147
    -4.14379
    -4.10462
    -4.14907
    -4.09927
    -4.13902
    -4.11409
    -4.11602
    -4.09797
    -4.12289
     -4.1006
    -4.12913
    -4.11378
    -4.11463
    -4.08529
    -4.13022
    -4.17042
    -4.03239
    -4.11459
    -4.16205
    -4.06779
    -4.11736
    -4.15145
    -4.11477
    -4.15894
     -4.1521
    -4.12928
    -4.15506
    -4.12614
    -4.17061
    -4.13951
    -4.16475
    -4.14596
    -4.15111
    -4.08657
    -4.10781
    -4.15798
    -4.07035
    -4.14257
    -4.18371
    -4.11791
    -4.14307
    -4.20265
    -4.09894
    -4.13322
    -4.16605
    -4.12146
    -4.12318
    -4.18187
    -4.09988
     -4.1503
    -4.12337
    -4.15423
    -4.10131
    -4.16925
    -4.11336
    -4.15219
    -4.13762
     -4.1679
    -4.13077
    -4.13729
    -4.10954
    -4.14538
    -4.17924
    -4.17621
    -4.13742
    -4.17982
     -4.1364
    -4.16526
    -4.08864
    -4.13513
    -4.17547
     -4.1203
    -4.17471
    -4.20485
    -4.16215
    -4.15159
    -4.20815
     -4.1418
    -4.16138
    -4.10057
    -4.16976
    -4.11385
    -4.15751
    -4.14727
    -4.17768
    -4.15199
    -4.18449
      -4.212
    -4.05633
    -4.10011
    -4.08687
    -4.09632
    -4.13745
    -4.10476
    -4.13108
    -4.10085
    -4.14595
    -4.10409
    -4.11645
    -4.11335
    -4.15666
    -4.10761
    -4.11402
     -4.0958
    -4.12075
    -4.08736
    -4.09808
    -4.15238
    -4.11979
     -4.1385
    -4.10171
    -4.16283
    -4.11742
    -4.16186
    -4.13889
    -4.15181
    -4.09779
    -4.13961
    -4.10897
    -4.11777
    -4.07657
    -4.10786
    -4.13601
    -4.07121
     -4.1053
    -4.11088
    -4.06279
    -4.08721
    -4.12482
    -4.07739
     -4.1229
    -4.09384
    -4.11535
    -4.20405
     -4.0816
    -4.11485
    -4.12492
    -4.14224
     -4.0593
    -4.13287
    -4.17943
     -4.0993
    -4.11095
    -4.17342
    -4.06525
    -4.09888
    -4.13112
    -4.08619
    -4.11357
    -4.08834
    -4.13825
    -4.17227
    -4.09148
    -4.13716
    -4.10978
    -4.14239
     -4.1988
    -4.06481
    -4.06661
    -4.06525
     -4.0742
    -4.08191
    -4.05554
    -4.07008
     -4.0643
     -4.0674
    -4.06006
    -4.05936
    -4.05661
    -4.06743
    -4.05751
    -4.06945
    -4.05733
    -4.06448
    -4.06073
    -4.05451
    -4.05739
    -4.06812
    -4.06108
    -4.06775
    -4.05694
    -4.06555
    -4.06017
    -4.05863
    -4.05083
    -4.06334
    -4.06754
    -4.06168
    -4.06755
    -4.07286
    -4.04284
    -4.05573
    -4.09609
      -4.045
    -4.05285
    -4.06484
    -4.06687
    -4.05383
    -4.05955
    -4.05826
    -4.07187
     -4.0526
    -4.05795
    -4.05734
    -4.05424
    -4.07439
    -4.07524
    -4.05855
    -4.07346
    -4.07437
     -4.0829
    -4.03815
     -4.0548
    -4.10069
    -4.05845
    -4.06551
    -4.07422
     -4.0684
    -4.09176
     -4.0647
    -4.06718
    -4.07492
    -4.06494
    -4.07242
    -4.07337
    -4.07563
    -4.07472
    -4.07144
       -4.07
    -4.08136
    -4.07617
    -4.08107
     -4.0442
    -4.07177
    -4.08424
     -4.0648
    -4.07053
    -4.07728
    -4.09246
    -4.08648
    -4.10946
    -4.09247
    -4.12184
    -4.08757
    -4.13615
    -4.10464
    -4.13102
    -4.03168
    -4.10349
    -4.14906
    -4.10192
    -4.17966
    -4.08258
     -4.1132
     -4.1624
    -4.05977
    -4.11117
    -4.11882
    -4.06833
    -4.07713
    -4.12434
    -4.06506
    -4.08782
     -4.1049
    -4.13623
    -4.06811
    -4.12001
    -4.09198
    -4.13502
    -4.06739
    -4.14364
    -4.03519
    -4.09274
    -4.03998
    -4.07495
    -4.05015
    -4.06481
    -4.04323
    -4.04963
    -4.05377
    -4.07078
    -4.07056
    -4.07506
    -4.07907
    -4.07845
    -4.08158
    -4.09845
    -4.06732
    -4.07635
    -4.06575
    -4.07297
    -4.06251
    -4.06489
    -4.06234
    -4.06499
    -4.06943
    -4.07354
    -4.04012
    -4.10147
    -4.01625
    -4.12187
    -4.18007
    -4.07342
    -4.11685
    -4.15846
    -4.08541
    -4.10455
    -4.11819
    -4.07447
    -4.11337
    -4.12175
    -4.08232
    -4.10586
     -4.1471
    -4.08523
    -4.10229
    -4.07515
    -4.08412
    -4.10146
     -4.1197
    -4.15394
    -4.12942
    -4.13515
    -4.17582
    -4.10454
    -4.16909
    -4.08273
    -4.09916
     -4.1046
    -4.10457
    -4.13053
    -4.10458
    -4.12983
    -4.09442
    -4.15412
    -4.10165
    -4.14544
    -4.09866
    -4.15208
    -4.13383
    -4.15092
    -4.06689
    -4.05811
    -4.13033
    -4.08101
    -4.13117
    -4.10785
    -4.08763
    -4.09236
    -4.13795
    -4.09097
    -4.13118
    -4.09102
    -4.11814
    -4.09129
    -4.15008
    -4.08493
    -4.15165
    -3.98314
     -4.1124
    -4.16635
    -4.04316
    -4.11392
    -4.15153
    -4.08201
    -4.08071
    -4.17579
    -4.09573
    -4.10088
    -4.07521
    -4.09302
    -4.06062
    -4.09104
    -4.06578
    -4.11989
     -4.0871
    -4.14253
    -4.17296
    -4.18441
    -4.13689
    -4.05484
     -4.1387
    -4.17493
    -4.12182
    -4.07906
     -4.1343
    -4.16289
    -4.07513
    -4.12225
    -4.07732
     -4.1046
    -4.08139
    -4.09511
    -4.11395
    -4.06378
    -4.14414
    -4.15143
    -4.05602
    -4.14041
    -4.16835
    -4.05172
    -4.12265
    -4.13941
    -4.12294
    -4.11194
    -4.19957
    -4.20201
    -4.00871
    -4.02743
    -4.04002
    -4.00203
    -4.01212
    -4.04535
    -4.01427
    -4.02583
     -4.0404
    -4.02829
    -4.03564
    -4.04718
    -4.01056
    -4.01964
    -4.06763
    -4.02191
    -4.03509
    -4.02095
    -4.04361
    -4.01948
     -4.0237
    -4.01229
     -4.0342
    -4.01272
    -4.01441
    -4.01844
    -4.02484
    -4.03539
    -4.02673
    -4.02355
    -4.05115
    -3.97452
    -4.03893
    -4.04379
    -4.00225
    -4.02625
    -4.05978
    -3.97668
    -4.02965
    -4.04282
    -4.14491
    -4.10844
     -4.1036
    -4.02409
    -4.03364
    -4.03319
    -4.03865
    -4.03291
    -4.03344
     -4.0249
    -4.02919
    -4.02555
    -4.03359
    -4.02551
    -4.02283
    -4.02597
    -4.03664
    -4.06299
    -4.02422
     -4.0792
    -4.04148
    -4.05959
    -4.10145
    -4.02389
    -4.06487
    -4.08408
    -4.00637
     -4.0781
     -4.1284
     -4.0327
     -4.0649
    -4.17343
    -4.03643
    -4.04372
    -4.08389
    -4.04502
    -4.09273
    -4.08992
    -4.06436
    -4.00268
    -4.00222
    -4.01821
    -4.03246
    -4.02941
    -4.04212
    -4.02289
    -4.05078
    -4.04445
    -0.97583
   -0.942733
    -0.94343
    -1.05544
    -1.06738
    -1.05123
    -1.06328
   -0.981808
    -0.96173
   -0.928971
   -0.945222
   -0.943157
   -0.935719
   -0.934604
   -0.950791
   -0.952635
    -1.00276
    -1.00694
   -0.996023
   -0.885242
   -0.891164
   -0.903594
   -0.909605
   -0.899949
   -0.889458
   -0.874209
   -0.896297
   -0.865991
   -0.873604
   -0.876096
   -0.877438
   -0.877315
    -0.89356
   -0.904044
   -0.922591
   -0.921887
   -0.939589
   -0.899584
   -0.888173
   -0.963413
   -0.952817
   -0.961028
    -1.00078
   -0.956474
   -0.964849
   -0.965501
   -0.965713
   -0.958803
   -0.966929
   -0.970138
   -0.977098
   -0.983651
    -0.98411
   -0.979306
   -0.998655
   -0.967048
   -0.997629
   -0.998236
      -1.033
    -1.03448
    -1.04136
     -1.0221
    -1.00423
   -0.995105
    -1.00656
    -1.00715
    -1.01522
   -0.995103
    -1.01254
    -1.00613
    -1.01214
    -1.00549
    -1.02186
    -1.02165
    -1.03521
   -0.949755
    -0.94403
   -0.918671
   -0.917228
   -0.901499
   -0.922143
   -0.924948
   -0.955967
   -0.954841
    -0.95684
   -0.954409
   -0.947574
   -0.951982
   -0.948933
   -0.949959
   -0.952029
   -0.962219
   -0.957879
   -0.962121
   -0.960208
   -0.967942
   -0.967964
   -0.969187
   -0.968896
   -0.973015
   -0.984936
    -1.03327
     -1.0281
    -1.03302
   -0.978336
   -0.999689
   -0.978464
   -0.983007
   -0.982251
   -0.983271
   -0.982412
   -0.985943
   -0.988356
    -0.99155
   -0.991089
   -0.998935
   -0.993861
   -0.997223
   -0.996557
    -1.00527
    -1.00622
    -1.00984
    -1.00892
    -1.02246
    -1.00984
     -1.0061
    -1.00796
    -1.02157
    -1.00176
    -1.01528
    -1.04888
    -1.01546
    -1.03779
   -0.935948
   -0.926846
   -0.928163
   -0.923042
   -0.933639
   -0.935511
   -0.936833
   -0.933356
   -0.940071
   -0.937819
   -0.941456
   -0.943593
   -0.944838
    -0.94859
    -0.95495
   -0.952219
   -0.957428
   -0.961339
   -0.966316
    -0.96106
   -0.963314
   -0.963777
    -0.97499
   -0.965314
    -0.96657
   -0.969604
   -0.961548
   -0.976054
   -0.975691
   -0.976312
    -0.98087
   -0.978137
   -0.979807
   -0.979806
   -0.976576
   -0.979007
   -0.983288
   -0.989854
   -0.990947
    -0.99362
   -0.991849
    -1.00569
   -0.998428
    -1.00163
    -1.00334
   -0.891577
   -0.982997
   -0.790565
   -0.954617
   -0.911259
    -0.95306
   -0.910989
   -0.910902
   -0.890297
   -0.903344
   -0.900057
     -0.9075
   -0.902752
    -0.91443
   -0.911877
   -0.915282
   -0.916557
   -0.916152
   -0.919848
   -0.932208
   -0.929842
   -0.930311
   -0.925902
   -0.928785
   -0.927703
   -0.938235
   -0.936271
    -0.93858
   -0.942016
   -0.945213
   -0.939291
   -0.948181
   -0.943375
    -0.96643
   -0.947518
   -0.948761
   -0.951176
   -0.947901
   -0.950695
    -0.95323
   -0.951469
   -0.952696
   -0.950782
   -0.958453
   -0.960656
   -0.962806
   -0.961057
   -0.966091
    -0.96687
   -0.971437
   -0.966552
   -0.970317
   -0.970146
   -0.890647
   -0.861417
    -1.00664
   -0.765928
   -0.883147
   -0.883618
   -0.884315
   -0.884978
   -0.882896
   -0.902718
   -0.881713
    -0.88946
   -0.890005
   -0.893154
   -0.888004
   -0.896952
   -0.897855
   -0.901344
   -0.898035
   -0.907503
   -0.905541
   -0.907608
   -0.910466
   -0.912861
   -0.914912
    -0.91931
   -0.916681
     -0.9226
   -0.919517
   -0.930863
   -0.926905
   -0.937202
   -0.927023
   -0.934317
   -0.918974
   -0.929165
   -0.927169
   -0.930346
   -0.920436
   -0.931444
    -0.93108
    -0.93209
   -0.933721
   -0.938757
   -0.938598
   -0.942262
   -0.940068
   -0.942193
   -0.939288
   -0.945829
   -0.942368
   -0.943918
   -0.944779
   -0.951485
   -0.947591
    -0.95238
   -0.948142
   -0.953843
   -0.936157
   -0.954173
   -0.954071
    -0.95316
   -0.950989
   -0.955658
   -0.952638
   -0.954325
   -0.953848
   -0.954342
   -0.952965
   -0.956408
   -0.868887
   -0.865376
   -0.860004
   -0.871223
   -0.871354
    -0.88217
   -0.879641
   -0.880036
   -0.860157
   -0.877132
    -0.90038
   -0.872853
   -0.879841
   -0.868029
   -0.885181
   -0.885965
    -0.89996
   -0.893103
   -0.895269
    -0.88903
   -0.904276
     -0.9077
   -0.901861
   -0.905371
   -0.911301
   -0.906805
   -0.909258
    -0.90656
   -0.913011
    -0.91158
   -0.924257
   -0.913934
   -0.922959
   -0.912576
   -0.925455
   -0.910577
   -0.921643
   -0.913651
   -0.920895
   -0.916394
   -0.925962
   -0.914494
   -0.924327
   -0.931783
    -0.92511
   -0.932914
   -0.930141
   -0.939673
   -0.932714
   -0.935191
   -0.933649
   -0.939792
   -0.938377
   -0.934864
    -0.93543
   -0.939269
   -0.939739
   -0.936919
   -0.939006
   -0.940103
   -0.940209
   -0.955681
   -0.938701
   -0.939805
   -0.940784
   -0.938305
   -0.935133
   -0.945983
     -0.8566
   -0.860552
   -0.874146
   -0.853078
   -0.871593
   -0.851684
   -0.874081
   -0.853406
   -0.889954
   -0.859685
   -0.882376
   -0.873309
   -0.901495
   -0.877891
   -0.892956
   -0.849038
   -0.885389
   -0.921397
   -0.868584
   -0.887992
   -0.933327
   -0.890183
   -0.883919
   -0.871514
   -0.899597
   -0.877066
   -0.904004
   -0.879528
   -0.900853
   -0.891208
   -0.915913
   -0.881634
   -0.899204
   -0.896979
   -0.897983
    -0.94643
   -0.914984
   -0.900647
   -0.932639
   -0.892893
   -0.931331
   -0.906565
   -0.933953
   -0.912136
   -0.918856
   -0.884863
    -0.90789
   -0.974501
   -0.900484
   -0.919839
   -0.969889
   -0.890537
   -0.916147
    -1.02733
   -0.894988
   -0.931238
   -0.912876
   -0.936518
   -0.896687
   -0.937425
   -0.920637
   -0.915502
   -0.955712
   -0.907028
   -0.944433
   -0.909157
   -0.950927
   -0.912613
   -0.955266
   -0.917671
    -1.00376
   -0.995798
   -0.994386
   -0.983057
    -1.07188
    -1.01569
    -1.01528
    -1.01897
    -1.00842
    -1.02166
    -1.05642
    -1.07624
    -1.08962
    -1.09844
    -1.09689
    -1.10995
    -1.12336
     -1.1189
    -1.10763
    -1.10738
    -1.08427
    -1.07362
    -1.07427
    -1.08871
    -1.07978
    -1.08293
    -1.07191
    -1.08799
    -1.08122
    -1.09775
    -1.07153
    -1.08723
     -1.0605
    -1.07662
   -0.965847
    -1.00511
   -0.984851
     -1.0035
    -1.02209
    -1.00195
    -1.00748
    -1.00842
     -1.0091
     -1.0024
    -1.00787
    -1.00164
    -1.03429
   -0.992161
    -1.07636
    -1.02416
    -1.05768
    -1.00515
    -1.05128
    -1.02479
    -1.03612
    -1.00443
    -1.00351
    -1.00122
    -1.01337
    -1.00219
    -1.00688
    -1.00053
    -1.01413
   -0.993174
    -1.00224
   -0.997761
     -1.0002
   -0.994193
    -1.00113
   -0.963354
   -0.983724
    -1.00586
   -0.992767
   -0.995392
   -0.991318
    -1.00405
   -0.985755
    -1.00184
   -0.996494
   -0.996079
   -0.980906
   -0.993439
   -0.981753
   -0.982929
   -0.983943
   -0.993467
    -1.01269
   -0.999398
   -0.981319
   -0.989617
    -0.98828
   -0.997387
   -0.986593
    -0.98997
   -0.983749
    -1.00061
    -0.99681
    -1.01008
   -0.948637
   -0.979708
    -1.00357
   -0.972558
   -0.997176
   -0.986781
    -1.02158
    -0.97798
   -0.981791
   -0.962902
   -0.970723
   -0.996402
    -1.00566
      -1.003
   -0.996773
   -0.993229
      -1.005
   -0.998144
    -1.00774
    -1.00981
    -1.01678
   -0.992805
    -1.00866
   -0.995423
    -0.99387
   -0.989257
    -1.01561
    -1.10301
    -1.05358
    -1.01125
   -0.999724
   -0.999653
    -1.00087
    -1.00631
    -0.99785
    -1.00379
   -0.997634
    -1.01079
    -1.00985
    -1.00955
   -0.990415
    -1.00766
    -1.00219
    -1.01038
   -0.988238
      -0.998
   -0.971256
   -0.991361
    -1.01953
   -0.978847
   -0.980158
   -0.973582
   -0.982208
   -0.958075
   -0.990619
   -0.976134
   -0.998033
   -0.997417
    -1.00614
     -1.0074
    -1.01105
     -1.0029
    -1.00624
     -0.9998
     -1.0004
    -1.00216
    -1.01108
    -1.00783
    -1.01674
    -0.99884
    -1.02507
    -1.09726
    -1.02506
    -1.00801
   -0.991186
    -1.00849
     -1.0026
     -1.0043
   -0.999996
    -1.00359
    -1.01109
    -1.00059
    -1.01237
    -1.00688
    -1.00715
   -0.998387
    -1.00653
    -1.00235
   -0.997335
   -0.996646
    -1.00583
   -0.999438
    -1.00613
   -0.998394
    -1.00461
   -0.993433
   -0.952886
   -0.965476
   -0.970148
   -0.990988
   -0.984686
   -0.976229
   -0.970996
   -0.976974
   -0.978578
   -0.988335
   -0.988914
   -0.997897
   -0.977068
   -0.992921
   -0.979738
   -0.991339
   -0.998424
    -1.06348
   -0.987279
   -0.977838
   -0.977972
   -0.969077
   -0.983628
    -0.98024
   -0.991584
   -0.981046
    -0.98512
    -0.97732
   -0.990579
   -0.977352
   -0.979568
   -0.966047
   -0.979509
   -0.977263
   -0.988908
   -0.924661
   -0.961618
   -0.977837
   -0.964322
   -0.973345
    -0.97133
   -0.986466
   -0.976344
   -0.974066
    -0.96894
   -0.983539
   -0.977156
   -0.971542
   -0.958678
   -0.987114
    -0.99053
    -1.02526
   -0.972017
   -0.978338
   -0.942277
   -0.968012
   -0.994793
   -0.963924
   -0.986155
   -0.952931
   -0.982896
   -0.958348
   -0.974355
   -0.968219
   -0.983915
   -0.958658
   -0.892133
   -0.931161
   -0.944718
    -0.97128
    -1.01962
   -0.942037
   -0.965211
   -0.944571
   -0.974261
   -0.952616
   -0.969529
   -0.946163
   -0.969467
   -0.960765
   -0.971862
   -0.956353
   -0.955444
   -0.954395
   -0.971675
   -0.937673
   -0.986436
   -0.962393
    -1.00919
   -0.983987
    -1.00362
    -1.00279
    -1.00768
   -0.993572
    -1.00993
    -1.00525
     -1.0123
   -0.995715
    -1.00328
   -0.998498
    -1.00058
    -1.00177
     -1.0113
    -1.02273
     -1.0224
    -1.01291
    -1.01883
    -0.99424
     -1.0123
    -1.00022
     -1.0255
    -1.00531
    -1.01812
    -1.00281
    -1.01868
   -0.994487
    -1.00962
    -1.00204
    -1.01646
   -0.936026
   -0.940972
     -0.9873
   -0.936601
   -0.986704
   -0.922947
   -0.985466
   -0.904043
   -0.930978
   -0.943628
   -0.934627
   -0.908117
   -0.945007
   -0.973926
   -0.989782
   -0.999299
   -0.985615
    -1.00178
   -0.993018
   -0.999049
   -0.998364
    -0.99115
   -0.990997
    -1.00183
   -0.994753
   -0.998418
   -0.993813
   -0.891475
   -0.925197
   -0.941353
   -0.933865
   -0.943767
     -0.9215
   -0.933598
   -0.928338
   -0.944435
   -0.918698
   -0.957429
   -0.925321
   -0.968723
   -0.993127
   -0.986865
    -1.00068
   -0.992391
   -0.995969
   -0.987278
   -0.998106
   -0.987442
    -1.00703
   -0.999065
   -0.926674
    -0.94018
   -0.902683
   -0.948204
   -0.920286
   -0.949663
   -0.928623
   -0.948785
    -0.91325
   -0.988702
    -1.01299
    -0.98076
   -0.990909
   -0.960744
   -0.983169
    -1.00111
    -0.97235
    -0.98865
   -0.977455
   -0.980407
    -0.93606
   -0.925065
    -0.97509
   -0.932374
   -0.974562
    -0.96406
   -0.982164
   -0.984634
   -0.971611
   -0.972231
    -0.96311
   -0.978748
   -0.978292
   -0.970888
   -0.985958
   -0.978221
   -0.975246
   -0.970488
   -0.988245
    -5.03812
      -5.082
    -5.06562
    -5.02218
    -5.05779
    -5.01722
    -4.99625
    -5.00019
    -4.96952
    -4.95023
    -4.95479
     -4.9441
     -4.9282
    -4.93435
    -4.92016
    -4.90886
    -4.91154
    -4.90511
    -4.90337
    -5.11368
     -5.1597
     -5.1292
    -5.09191
    -5.15269
    -5.12951
    -5.07861
    -5.12659
    -5.11227
    -4.89342
     -4.9075
    -4.89881
    -4.91868
    -4.93283
    -4.90627
    -4.91269
    -4.90988
    -4.91912
    -4.89593
    -4.93803
    -4.94192
    -4.97203
    -4.91871
    -5.10012
    -5.08703
    -5.10755
    -5.10597
    -5.07974
    -5.10492
    -5.08423
     -5.0736
    -5.10955
    -5.10113
    -5.15155
    -5.08825
    -5.09117
    -5.06731
    -5.10385
     -5.0728
    -5.09375
    -5.08269
     -5.1124
    -5.05786
    -5.11764
    -5.08771
    -5.06315
     -5.0708
    -5.05713
    -5.03254
    -5.05867
    -5.04891
    -5.00072
    -5.01131
    -4.93725
    -4.90284
    -4.92024
    -4.91459
    -4.91007
    -4.94439
    -4.93217
    -4.91863
    -4.93106
     -4.9274
     -4.9323
    -4.93286
    -4.92219
    -4.91485
     -4.9141
    -4.93332
    -5.00318
     -4.9673
    -4.94576
    -5.15208
    -5.16902
    -5.14899
     -5.1451
    -5.16353
    -5.16567
    -5.14541
    -5.15333
    -5.15181
    -5.13919
    -5.16281
    -5.15476
    -5.13855
    -5.15824
    -5.14586
    -5.12069
    -5.14863
    -5.13687
    -5.13587
    -5.14041
    -5.13156
    -5.12122
    -5.12924
    -5.11644
    -5.11665
     -5.1334
    -5.12472
    -5.13778
    -5.11142
    -5.12026
    -5.11441
    -5.12322
    -5.09784
    -5.11663
    -5.11418
    -5.12848
    -5.12004
    -5.14342
     -5.0886
    -5.09495
    -5.09341
    -5.07721
    -5.08822
    -5.08253
    -5.02553
    -5.07663
     -5.0796
    -5.05232
    -5.07326
    -5.06554
    -5.02403
    -5.05669
    -5.06273
    -5.08128
    -5.00206
    -5.06211
    -5.04554
    -5.06332
    -5.03884
    -5.04855
    -5.04056
    -5.04651
    -5.02306
    -5.03001
    -5.03363
    -5.05424
    -5.04278
    -5.00079
    -4.90973
    -4.91241
    -4.90209
    -4.90627
    -5.20826
    -5.28169
    -5.24198
    -5.23599
    -5.25939
    -5.23427
    -5.00802
     -4.9417
    -5.21336
    -5.20242
    -5.22306
     -5.2035
    -5.20893
    -5.23796
    -5.22372
    -5.20472
    -5.23359
    -5.22411
    -5.21359
    -5.22001
    -5.23198
    -5.19368
    -5.21097
    -5.21405
    -5.21606
    -5.23458
    -5.21466
    -5.26552
    -5.20072
    -5.22503
    -5.19263
    -5.23296
    -5.18631
    -5.18917
    -5.19997
    -5.21342
    -5.18685
    -5.19551
    -5.18938
    -5.19538
    -5.17627
    -5.18008
    -5.17026
    -5.18728
    -5.15374
    -5.19279
    -5.18286
    -5.18977
    -5.17631
    -5.16714
    -5.17486
    -5.16855
    -5.15632
    -5.20443
    -5.17662
    -5.26012
    -5.14445
     -5.1518
    -5.14304
    -5.13411
    -5.14455
    -5.12851
     -5.1137
    -5.12627
    -5.13665
    -5.14584
    -5.12116
    -5.13494
    -5.13758
    -5.15415
    -5.10555
     -5.1459
    -5.11797
    -5.12923
    -5.08605
    -5.12154
    -5.11226
    -5.11943
    -5.10659
    -5.09691
    -5.10507
    -5.07997
    -5.08272
    -5.10698
    -5.09995
    -5.07175
    -5.09627
    -5.08555
    -5.05707
    -5.08491
    -4.93687
    -5.09332
    -5.26324
    -5.25895
    -5.26077
    -5.24896
    -5.24948
    -5.25277
    -5.25067
    -5.25042
    -5.25497
    -5.25052
    -5.24196
    -5.24565
    -5.23875
    -5.23418
    -5.24879
    -5.24553
    -5.23773
    -5.24684
    -5.24139
    -5.23713
    -5.24396
    -5.23243
    -5.25025
     -5.2307
    -5.23248
    -5.23176
    -5.23942
    -5.21729
    -5.22471
    -5.22443
    -5.22729
    -5.21305
    -5.20908
    -5.21169
    -5.21681
    -5.20955
    -5.21578
    -5.20431
    -5.19534
    -5.20544
    -5.19727
    -5.19762
     -5.2087
    -5.19691
    -5.19188
    -5.19265
    -5.19766
    -5.20689
    -5.19709
    -5.16727
    -5.17549
    -5.17607
    -5.19356
    -5.17202
    -5.17811
    -5.17128
    -5.17644
    -5.15723
     -5.1584
    -5.16128
    -5.16977
    -5.14421
    -5.15869
    -5.15861
     -5.1733
    -5.15713
    -5.14968
    -5.14754
    -5.14556
      -5.138
    -5.14829
    -5.13601
    -5.12807
    -5.13594
     -5.1291
    -5.12233
    -5.13661
    -5.12603
    -5.12038
    -5.11873
     -5.1155
    -5.11456
     -5.1207
    -5.28783
    -5.29436
    -5.29629
    -5.28568
    -5.27636
    -5.28069
    -5.26872
    -5.33547
    -5.32563
    -5.32755
    -5.31982
    -5.31797
    -5.33012
    -5.32163
    -5.31843
    -5.32334
    -5.31604
    -5.30565
    -5.31284
    -5.30652
    -5.29935
    -5.31403
     -5.3034
    -5.32043
    -5.29971
    -5.30546
     -5.3006
    -5.30754
    -5.27386
    -5.29454
    -5.29049
    -5.28731
    -5.29497
    -5.28454
    -5.28973
    -5.28408
    -5.27372
    -5.27665
    -5.27178
     -5.2625
    -5.28303
     -5.2716
    -5.26639
      -5.268
    -5.26291
    -5.25324
    -5.25569
    -5.25158
    -5.25414
    -5.25784
    -5.25521
    -5.24657
    -5.24935
    -5.24491
    -5.23084
    -5.24302
    -5.24877
    -5.23319
    -5.24118
      -5.237
     -5.2217
    -5.22559
    -5.21633
    -5.20582
    -5.22582
    -5.23181
     -5.2392
    -5.22067
    -5.22813
    -5.22626
    -5.22705
     -5.2137
    -5.20692
    -5.20957
      -5.183
    -5.21458
    -5.21409
    -5.21469
    -5.20702
    -5.20347
    -5.20255
    -5.20201
    -5.19483
    -5.20142
    -5.19762
    -5.19543
    -5.19605
    -5.18851
    -5.18469
    -5.18627
    -5.17307
    -5.18069
    -5.18683
    -5.18123
     -5.1733
    -5.17496
    -5.17042
    -5.16353
    -5.16956
    -5.17575
    -5.35984
    -5.36605
     -5.3566
    -5.34434
    -5.34974
    -5.33802
    -5.32576
    -5.36377
    -5.37234
    -5.34567
    -5.38759
    -5.34014
    -5.32322
    -5.38566
    -5.35859
    -5.32762
    -5.34679
    -5.33772
     -5.3068
    -5.33378
    -5.33368
    -5.38439
    -5.29477
    -5.35279
    -5.33583
    -5.36895
    -5.30865
    -5.34221
    -5.32372
    -5.39432
    -5.28909
    -5.34874
    -5.31839
    -5.37391
    -5.28744
    -5.31493
    -5.29829
    -5.30056
     -5.2734
    -5.29154
    -5.27908
    -5.28644
    -5.25255
    -5.29947
    -5.29518
    -5.32846
    -5.22829
    -5.30384
    -5.28926
     -5.3363
    -5.29821
    -5.28822
    -5.30716
    -5.29397
    -5.27929
    -5.30373
    -5.29492
    -5.28501
    -5.32606
    -5.29725
    -5.26976
    -5.28959
    -5.28224
     -5.2606
    -5.28387
    -5.28035
     -5.2489
    -5.27662
    -5.24613
     -5.2436
    -5.27499
    -5.27123
    -5.33394
    -5.24447
    -5.26658
    -5.26686
    -5.27931
    -5.22719
    -5.27907
    -5.39572
    -5.39556
    -5.41297
    -5.40331
    -5.44379
    -5.43087
    -5.39698
    -5.44354
    -5.41985
     -5.4006
    -5.45557
    -5.37148
    -5.42026
    -5.39668
    -5.44564
    -5.32609
    -5.41847
     -5.4001
    -5.44443
    -5.40795
    -5.39335
    -5.43098
    -5.40009
    -5.35609
    -5.39557
    -5.38312
    -5.36458
    -5.40431
    -5.33664
    -5.35532
    -5.38873
    -5.32512
    -5.35809
    -5.34076
    -5.36813
    -5.31302
    -5.36851
    -5.34674
    -5.36227
    -5.30649
    -5.33237
    -5.32233
    -5.31497
    -5.28866
    -5.30242
    -5.30272
    -5.31811
     -5.2709
    -5.32314
    -5.31746
    -5.34168
    -5.32044
    -5.31004
    -5.32877
    -5.31262
    -5.30131
    -5.30535
    -5.31152
    -5.30617
    -5.31057
    -5.30977
    -5.30615
    -5.32691
    -5.32181
    -5.38756
    -5.28124
    -5.29396
    -5.29388
    -5.27806
    -5.29157
     -5.2489
    -5.45239
    -5.42013
    -5.44841
    -5.42706
    -5.42095
    -5.41383
    -5.47579
    -5.42375
    -5.39956
    -5.41808
    -5.40225
    -5.38463
     -5.4122
    -5.39531
    -5.37004
    -5.39733
    -5.36877
    -5.35594
    -5.39443
     -5.3817
     -5.4406
    -5.35139
    -5.36917
    -5.35924
    -5.33846
    -5.35832
    -5.36215
    -5.40489
    -5.34516
    -5.37377
    -5.30983
    -5.29056
    -5.27475
     -5.2906
    -5.26944
    -5.27023
    -5.29063
    -5.29924
    -5.31329
      -5.278
    -5.28779
    -5.29044
    -5.30296
     -5.2635
    -5.29872
    -5.45229
      -5.445
    -5.45543
    -5.45032
    -5.50126
    -5.41167
    -5.47038
    -5.45642
    -5.48666
    -5.38953
     -5.4729
    -5.44285
    -5.49393
    -5.45381
    -5.42777
    -5.45023
    -5.43595
    -5.42208
    -5.43758
    -5.44593
    -5.39728
    -5.38967
    -5.39704
    -5.39904
    -5.39034
    -5.39525
     -5.3844
    -5.37135
    -5.38193
    -5.37341
    -5.36339
    -5.37733
     -5.3713
     -5.3893
    -5.36159
    -5.36686
    -5.36294
    -5.36999
    -5.35288
    -5.35918
    -5.35344
    -5.35997
    -5.33092
    -5.35292
    -5.33537
    -5.34029
    -5.34263
    -5.33482
    -5.33653
    -5.33365
    -5.32673
    -5.33385
    -5.32922
    -5.33333
    -5.33864
    -5.32824
    -5.32343
    -5.32463
    -5.31964
    -5.31619
    -5.33271
    -5.33107
     -5.3164
    -5.32643
    -5.31917
    -5.30729
    -5.31821
    -5.31664
    -5.30992
    -5.31969
    -5.31442
    -5.30759
    -5.31144
    -5.29874
     -5.3038
    -5.31521
    -5.31334
    -5.32396
    -5.30148
    -5.31073
    -5.30866
    -5.31472
    -5.30552
    -5.47878
    -5.46475
    -5.50239
     -5.4877
    -5.43244
    -5.45115
    -5.45681
     -5.4431
    -5.43899
    -5.44336
    -5.43372
    -5.42705
    -5.43148
    -5.42908
    -5.42103
    -5.42467
    -5.41696
    -5.40935
    -5.40877
     -5.4112
    -5.43524
    -5.46202
    -5.46811
     -5.4653
    -5.48924
    -5.45679
    -5.45509
    -5.48755
    -5.46673
    -5.44514
    -5.46274
    -5.43111
    -5.41346
    -5.42513
     -5.4101
    -5.40321
    -5.40985
    -5.42029
    -5.39904
    -5.44056
    -5.42399
    -5.40358
    -5.43658
     -5.4148
    -5.38893
    -5.40975
    -5.42713
    -5.47151
     -5.3949
    -5.42488
    -5.41751
    -5.45963
    -5.39463
    -5.43082
    -5.41932
    -5.42698
    -5.37381
    -5.39884
    -5.40727
    -5.43819
    -5.37713
    -5.40428
    -5.38471
    -5.31356
    -5.43125
    -5.43515
    -5.43045
     -5.4509
    -5.45689
    -5.45671
    -5.51102
    -5.47517
    -5.50609
    -5.47235
    -5.51991
    -5.48674
    -5.53827
    -5.45188
    -5.47991
    -5.47001
    -5.48739
    -5.43396
    -5.46872
    -5.47476
     -5.5101
    -5.52919
    -5.42739
    -5.44289
    -5.44616
    -5.47534
    -5.47567
    -5.54428
    -5.44805
    -5.50131
    -5.48248
    -5.54191
    -5.44238
    -5.48468
    -5.45334
    -5.40475
    -5.44197
    -5.39662
     -5.4175
    -5.42237
    -5.36398
    -5.39147
      -5.374
    -5.41797
    -5.40112
    -5.39669
    -5.41993
    -5.38587
    -5.37985
    -5.40522
    -5.40189
    -5.52194
    -5.45516
    -5.46526
    -5.43328
    -5.48593
      -5.485
    -5.57099
    -5.52561
    -5.47485
    -5.55212
    -5.54035
    -5.48823
    -5.53527
    -5.51135
    -5.45696
    -5.48378
    -5.48559
    -5.50087
    -5.54338
    -5.57244
    -5.57132
    -5.57542
    -5.57628
    -5.56763
    -5.56469
    -5.54225
    -5.57279
    -5.49013
     -5.5034
    -5.49236
    -5.54426
    -5.43857
    -5.49053
    -5.48266
     -5.5472
     -5.4439
    -5.49653
    -5.45617
    -5.52505
    -5.38526
    -5.48946
    -5.46451
    -5.51116
    -5.47259
    -5.44035
    -5.53455
    -5.47855
    -5.44232
    -5.49481
    -5.47925
    -5.58571
    -5.44169
    -5.49071
    -5.44268
    -5.46952
    -5.42901
    -5.43701
    -5.42428
    -5.41914
    -5.42756
    -5.44874
    -5.44745
    -5.45592
    -5.44311
    -5.41869
    -5.45161
     -5.4474
     -5.4362
    -5.44892
    -5.44482
    -5.47377
     -5.4249
    -5.44204
    -5.44422
     -5.4525
    -5.42563
    -5.44349
    -5.43177
     -5.4485
    -5.41694
    -5.44237
    -5.43409
    -5.53121
    -5.48731
    -5.45046
    -5.50745
    -5.48199
    -5.46939
    -5.43717
    -5.45414
    -5.44315
    -5.43279
    -5.44979
    -5.44376
    -5.43486
    -5.45352
    -5.44439
    -5.44298
    -5.45173
    -3.08116
    -3.08105
    -3.07249
     -3.0823
    -3.08029
    -3.07473
    -3.08124
     -3.0747
     -3.0774
    -3.08095
    -3.07114
    -3.07135
    -3.08719
    -3.06876
     -3.0617
    -3.04144
    -3.05969
    -3.05018
    -2.97863
    -2.99209
    -2.97602
    -3.10409
    -3.00582
    -2.98189
    -3.05976
    -3.14831
     -3.0142
    -3.01257
     -3.0103
    -3.01119
    -3.01124
    -3.01315
    -3.00875
    -3.00659
    -3.00414
    -3.01276
    -3.00656
    -3.00826
    -2.99663
    -3.00622
    -3.01587
    -3.01432
    -3.00701
    -2.99181
    -3.00574
    -2.99369
    -3.00077
    -3.08378
    -3.04943
    -2.99474
    -2.99774
    -3.08726
    -3.08741
    -3.07329
    -3.04438
    -3.09345
    -3.08344
    -3.08372
    -3.10364
    -3.08963
    -3.09033
    -3.07572
    -3.08273
    -3.06528
    -3.07651
    -2.88228
      -3.003
    -3.00254
    -3.06331
    -2.99106
    -2.99585
    -3.09826
     -3.0394
    -3.01001
    -3.08093
    -3.02537
    -3.01648
    -3.07686
    -3.03594
    -2.98861
    -2.98538
     -2.9879
    -2.97975
    -2.98482
    -2.98241
    -2.98395
    -2.97333
    -2.97921
     -2.9762
    -2.96428
    -2.97193
     -2.9812
    -3.00152
    -3.00164
    -2.99563
    -3.00104
    -3.00337
    -2.99676
    -3.00148
    -2.99569
    -3.00063
    -2.99998
    -2.99779
    -3.00149
    -2.98743
     -2.9856
    -2.99421
    -2.99227
    -2.98159
    -2.98889
    -2.98845
    -2.97967
    -2.99295
    -2.98842
    -2.98423
     -2.9894
    -2.98989
    -2.98506
    -2.99093
    -2.99022
    -2.98187
    -2.98448
    -2.97799
    -2.98571
     -2.9837
    -2.98151
    -2.97348
    -2.97497
    -2.98839
    -3.00287
    -2.97988
    -2.96906
    -2.96469
    -2.99142
    -2.97312
    -2.97007
     -2.9816
    -2.96787
    -2.97234
    -2.94384
    -2.94986
    -2.95592
     -2.9547
    -2.93756
    -2.94228
    -2.90904
    -2.99068
    -2.99678
    -2.99421
    -2.99952
    -2.99092
    -2.99009
    -3.01833
    -2.99849
    -2.99334
    -2.97765
    -2.99271
    -2.99288
    -2.99106
    -2.98066
    -2.98762
    -2.98221
    -3.09336
    -2.98897
    -2.98228
    -2.96919
    -2.97142
    -2.99818
    -2.99449
    -2.98368
    -2.97079
    -2.96415
     -2.9899
    -2.98164
    -2.97787
    -2.98041
    -2.97937
    -2.98469
    -2.97007
    -2.96007
    -2.96588
    -2.94501
    -2.98454
    -3.00229
    -2.99332
    -2.99291
          -3
    -2.99295
    -2.99069
    -2.98677
    -2.99308
    -2.98899
    -2.99595
    -2.98716
    -2.98447
    -2.97326
    -3.07244
    -2.99014
    -2.97844
    -2.98073
    -2.98414
    -2.98821
    -2.99645
    -2.97576
    -2.98057
    -2.97922
    -2.97508
    -2.97142
    -2.96561
    -2.97459
    -2.98133
    -2.97105
    -2.96863
    -2.96435
    -2.97166
    -2.95353
    -2.99924
    -2.99531
    -2.98931
    -2.98729
    -2.99018
    -2.99372
    -2.98742
    -2.99712
    -2.98586
    -2.98631
    -2.99337
    -2.98971
    -2.98796
    -3.00104
    -2.99343
    -2.98748
    -2.99318
    -2.95704
    -2.97124
     -2.9583
     -2.9533
    -2.94743
    -2.94573
    -2.94792
    -2.94876
    -2.96224
    -2.94536
     -2.9712
    -2.97407
    -2.97229
    -2.97048
    -2.95976
     -2.9705
    -2.96368
    -2.96808
    -2.97913
    -2.97203
    -2.96515
    -2.96565
    -2.96613
    -2.97066
     -2.9782
    -2.96484
    -2.96265
    -3.01891
    -2.96724
    -2.95947
     -2.9495
    -2.96555
    -2.93512
    -2.94557
    -2.93559
    -2.92029
    -2.90802
    -2.93799
     -2.9284
     -2.9283
    -2.88172
    -2.99656
    -3.00605
    -2.99459
    -2.98363
    -2.97837
    -2.97654
    -2.98133
    -2.97113
    -2.97352
    -2.96478
    -2.96827
    -2.96239
    -2.97358
    -2.96565
    -2.95223
     -2.9636
    -2.96925
    -2.97564
    -2.97353
    -2.96809
    -2.96279
    -2.95248
     -2.9648
    -2.96824
    -2.96241
    -2.97125
      -2.957
    -2.95772
    -3.00133
    -2.96315
    -2.95017
    -2.96419
    -2.94833
    -2.94891
    -2.95364
    -2.94483
    -2.95049
    -2.96554
    -2.94302
    -2.94343
    -2.93081
    -2.93566
    -2.93677
    -2.93414
    -2.92101
    -2.92531
    -2.92269
    -2.87747
    -3.00997
    -3.06549
    -3.00421
     -3.0042
    -3.00091
    -3.00267
    -2.96781
    -2.97336
    -2.96884
    -2.97282
    -2.96658
    -2.97423
    -2.96547
    -2.96859
    -2.98878
    -2.97767
    -2.97327
    -2.97376
    -2.97177
    -2.96766
     -2.9675
    -2.97498
    -2.96572
    -2.96677
    -2.99298
    -2.96703
    -2.96713
    -2.95448
     -2.9677
    -2.96597
    -2.96469
    -2.96798
    -2.96198
    -2.97892
    -2.98026
    -2.97255
    -2.97535
    -2.97142
      -3.002
    -2.98198
    -2.96841
    -2.97205
    -2.96768
     -2.9726
    -2.97604
    -2.96991
     -2.9689
     -2.9687
    -2.96942
    -2.97012
     -2.9655
    -2.96323
    -2.96193
    -2.93371
    -2.94923
    -2.82185
    -2.97412
    -2.97107
    -2.97259
    -2.97303
    -2.97046
     -2.9551
    -2.97559
    -2.96837
    -2.96972
    -2.96824
    -2.96954
    -2.97541
    -2.97658
    -2.97305
     -2.9637
    -2.97262
    -2.97387
    -2.97494
    -2.98011
    -2.97134
    -2.96892
    -2.95881
    -2.98786
    -2.97818
    -2.97806
    -2.97714
    -2.98145
     -2.9803
    -2.97356
    -2.98656
    -2.97773
    -2.97725
    -2.98809
    -2.98531
    -2.97126
     -2.9732
    -2.98269
    -2.98557
    -3.02896
     -2.9775
    -2.97411
    -2.97632
    -2.96895
    -2.98698
    -2.96842
    -2.98916
    -2.96925
    -2.96596
    -2.97018
    -2.97148
    -2.96332
    -2.97368
    -2.96775
    -2.96096
    -2.98299
    -2.97955
    -2.98001
    -2.97596
    -2.97861
    -2.97976
    -2.97266
    -2.98225
    -2.97666
    -2.97752
    -2.96789
    -2.97445
    -2.96351
    -2.95087
    -2.97058
    -2.96827
    -2.96949
    -2.96871
    -2.96553
    -2.98398
    -2.97854
     -2.9766
    -2.97787
    -2.98158
    -2.97815
    -2.97949
    -2.98015
    -2.98347
    -2.97095
    -2.89654
    -2.92474
     -2.9894
    -2.95993
    -2.97642
    -2.97575
    -2.98364
    -2.96899
     -3.1973
    -3.09769
     -3.0816
    -3.09061
    -3.06813
    -3.06151
    -3.06821
    -3.06157
    -3.06304
     -3.0574
    -3.05645
    -3.04047
    -3.05398
    -3.04911
    -3.03692
    -3.03949
     -3.0328
     -3.0443
    -3.05857
     -3.0299
    -3.06506
    -2.99825
    -2.98932
    -2.99917
    -3.06102
    -2.90629
    -2.90643
    -2.90498
    -2.89952
      -2.903
    -2.89882
     -2.9654
    -2.90838
     -3.0992
    -3.04801
    -3.04466
     -3.0454
    -3.02974
    -3.03873
    -3.03753
    -3.03524
    -3.02646
    -3.03173
    -3.03014
    -3.02428
    -3.02023
    -3.01126
    -3.01195
      -3.011
    -3.00888
    -3.00816
    -3.00115
    -2.99458
    -3.04604
    -3.01737
    -3.00078
    -2.98874
    -3.01367
    -3.03425
     -2.9888
    -2.98824
    -2.98399
    -2.98697
    -2.97119
    -2.98034
    -2.99504
     -2.9754
    -2.98696
    -3.05789
    -2.96033
    -3.10006
     -2.9935
    -3.03946
    -3.04696
    -3.02644
    -3.03273
    -3.02841
    -3.01188
    -3.01107
    -3.01636
    -3.01177
    -3.00625
    -3.00422
     -2.9915
    -2.99578
    -3.00663
    -2.99345
    -2.98829
    -2.98749
    -2.98047
    -2.98828
    -2.98701
    -2.98131
     -2.9736
    -2.97173
    -2.97311
    -2.97374
    -2.96525
    -2.95951
    -2.96193
     -2.9646
    -2.95576
    -2.95575
    -2.95085
    -2.93489
    -2.93939
    -2.94736
    -2.93967
    -2.93838
     -2.9299
    -2.93064
    -3.05728
    -3.09428
    -2.95329
    -2.99993
    -2.89562
    -3.06004
    -3.05001
    -3.05714
    -3.05415
    -3.04785
     -3.0463
     -3.0509
    -3.04316
    -3.04464
     -3.0399
    -3.04592
    -3.03794
    -3.03294
    -3.03861
    -3.02994
    -3.02445
    -3.02745
    -3.01714
    -3.02357
    -3.02207
    -3.01946
    -3.01188
    -3.01669
    -3.01853
    -3.00708
    -3.00832
    -2.99911
     -2.9993
     -3.0031
    -3.00242
    -2.99017
    -2.98894
     -2.9935
     -2.9801
    -2.98198
    -2.98339
    -2.97239
    -2.97811
    -2.98018
    -2.96935
    -2.97016
    -2.96675
    -2.96231
    -2.95977
     -2.9607
    -2.95827
    -2.95439
     -2.9547
    -2.93878
    -2.93999
    -2.94856
    -2.93758
     -2.9329
    -2.93148
     -2.9213
    -2.92132
    -2.92616
    -2.92463
     -2.9145
    -2.91507
    -2.90607
    -2.90778
    -2.91498
    -2.90895
    -2.97138
    -2.90696
    -2.90107
    -2.90448
    -2.94082
    -2.90477
    -3.04183
    -2.97825
    -3.01964
    -2.97384
    -2.86028
    -2.99571
    -2.99809
    -2.99488
    -2.99536
    -2.99226
    -2.98883
    -2.98457
    -2.98742
    -2.98771
    -2.98051
    -2.97818
    -2.98204
    -2.97752
    -2.97648
    -2.97677
    -2.96844
    -2.96674
     -2.9694
    -2.95673
    -2.96188
    -2.96191
    -2.95372
    -2.94511
    -2.95087
    -2.94406
    -2.94365
    -2.93689
    -2.93709
    -2.94427
    -2.94003
    -2.93637
    -2.92998
    -2.93701
    -2.92775
    -2.92232
    -2.92562
     -2.9159
     -2.9156
     -2.9165
    -2.90816
     -2.9178
    -2.91222
    -2.89786
    -2.89476
    -2.89829
    -2.88524
    -2.88899
    -2.89273
    -2.89365
    -2.89445
    -2.88552
    -2.86992
    -2.87508
    -2.88055
    -2.87531
    -2.86889
    -2.99514
    -2.93938
    -2.94138
    -2.88563
    -2.83077
      -2.823
    -3.00465
    -3.00348
    -3.00261
    -3.00564
    -3.00504
    -3.00373
    -2.99792
    -3.00932
    -2.99768
    -3.03802
     -3.0025
    -2.99334
    -3.02361
    -3.01072
    -3.01631
    -3.05261
    -3.00412
    -3.01487
    -3.01925
    -2.98877
      -2.947
    -3.05187
    -3.00244
    -2.99353
    -2.98226
    -3.01071
    -2.99592
    -2.95937
     -3.0054
     -2.9979
    -2.94271
    -3.01332
    -2.98337
    -2.93479
    -2.91283
    -2.94986
    -2.95796
    -2.91528
    -2.90912
    -2.90725
    -2.90279
    -2.89805
    -2.90132
    -2.90731
    -2.89586
    -2.89375
    -2.88482
    -2.88281
    -2.89012
    -2.88838
    -2.87866
    -2.87724
    -2.87375
    -2.86242
    -2.86788
    -2.86967
    -2.86109
    -2.87232
    -2.85738
    -2.84892
    -2.85101
    -2.85253
    -2.84504
    -2.84033
    -2.84317
    -2.84251
    -2.84091
    -2.99418
    -2.90231
    -2.89977
    -2.95683
    -2.88048
    -2.83907
    -2.78719
    -2.99485
    -3.04922
    -3.02888
    -3.00853
    -3.02114
    -3.02553
    -3.02183
    -3.00668
     -3.0185
    -3.04306
    -2.85377
    -2.84975
    -2.90668
    -2.76173
    -2.75501
    -2.81063
    -2.80906
     -2.8965
    -2.87928
    -2.88391
    -2.91058
    -2.87178
    -2.85982
    -2.90555
     -2.8655
    -2.86113
    -2.89631
    -2.86343
    -2.84525
    -2.81357
    -2.90382
    -2.86531
    -2.84392
      -2.834
    -2.88869
    -2.85236
    -2.85562
    -2.81654
    -2.83757
    -2.83894
    -2.80161
    -2.85028
    -2.83139
    -2.80713
    -2.83993
    -2.82892
    -2.81007
     -2.8327
    -2.80565
    -2.79034
    -2.91235
    -2.78087
    -7.59769
    -7.47948
    -7.48456
    -7.46729
    -7.47896
    -7.50865
    -7.48437
    -7.50681
    -7.48665
     -7.4713
    -7.49259
    -7.47162
    -7.50489
    -7.44547
    -7.40441
    -7.38607
    -7.37635
    -7.36199
    -7.37947
    -7.37283
    -7.37716
    -7.36502
    -7.37421
    -7.37471
    -7.38262
     -7.4221
    -7.43661
    -7.44536
    -7.43708
    -7.46641
    -7.40671
    -7.44945
    -7.44588
    -7.44161
    -7.44714
    -7.45366
    -7.44959
    -7.45196
    -7.43581
    -7.45681
    -7.44657
    -7.45454
     -7.4477
    -7.45697
    -7.46429
    -7.45625
    -7.46202
     -7.4673
    -7.46387
    -7.47316
    -7.46462
    -7.49045
     -7.4739
    -7.47901
    -7.45898
    -7.48001
    -7.54306
    -7.50904
    -7.49811
    -7.55245
    -7.51503
    -7.53095
     -7.5376
    -7.54666
    -7.53787
    -7.52184
    -7.46789
    -7.41439
    -7.40376
    -7.40965
    -7.39657
    -7.39729
    -7.39236
    -7.41481
    -7.39841
    -7.41336
    -7.40301
    -7.43024
    -7.43989
    -7.44206
    -7.43893
    -7.44596
    -7.43832
    -7.44598
    -7.42899
    -7.45374
    -7.45205
    -7.46518
    -7.43951
    -7.43702
     -7.4326
    -7.43806
    -7.44848
    -7.44395
    -7.44742
    -7.43203
    -7.43935
    -7.44401
    -7.44003
     -7.4492
    -7.46327
    -7.44692
    -7.45841
    -7.42923
     -7.4608
    -7.45622
    -7.46816
    -7.45972
    -7.46572
    -7.47301
    -7.46464
    -7.49155
    -7.50017
    -7.47784
    -7.51262
    -7.48114
    -7.49669
    -7.48641
    -7.50885
    -7.53162
    -7.53751
    -7.53767
    -7.52396
    -7.50552
    -7.51443
    -7.49718
    -7.55307
    -7.50712
    -7.51202
    -7.50713
    -7.51251
    -7.52944
    -7.51509
    -7.53762
     -7.4963
    -7.55589
    -7.52789
    -7.52578
    -7.52317
    -7.54171
    -7.55131
    -7.53211
    -7.55476
    -7.56525
    -7.54867
    -7.56052
    -7.51203
     -7.6156
    -7.58065
    -7.51066
    -7.47986
    -7.58153
    -7.52573
    -7.55185
    -7.50662
    -7.54297
    -7.55756
    -7.51204
    -7.57358
    -7.60952
    -7.57567
    -7.54601
    -7.48087
    -7.60904
    -7.55352
    -7.57966
    -7.50997
    -7.57162
    -7.55634
    -7.52256
    -7.51185
    -7.48313
    -7.49959
    -7.45398
    -7.47989
    -7.43061
    -7.51718
     -7.4935
    -7.47049
     -7.4479
    -7.46179
    -7.50807
    -7.45982
    -7.49219
    -7.53655
    -7.46678
    -7.50225
    -7.44614
     -7.5233
    -7.50038
    -7.53171
    -7.47305
    -7.51871
    -7.52068
    -7.51799
    -7.53575
    -7.63697
    -7.58516
    -7.63211
    -7.56604
    -7.56761
    -7.55342
    -7.59011
    -7.58111
    -7.57871
    -7.57426
    -7.61386
    -7.62242
    -7.40783
    -7.44329
    -7.41652
    -7.50363
    -7.43629
    -7.45676
    -7.43659
    -7.45269
    -7.50178
    -7.44374
    -7.47622
    -7.50448
    -7.47231
    -7.47765
    -7.43692
    -7.48363
    -7.45347
    -7.49072
    -7.44518
    -7.53949
    -7.47373
    -7.50282
    -7.44501
    -7.47657
    -7.51146
    -7.48656
    -7.45838
    -7.44044
    -7.45258
    -7.47011
    -7.46775
    -7.48243
    -7.52249
    -7.49385
     -7.5109
    -7.54301
    -7.48573
    -7.53256
    -7.43534
    -7.59093
    -7.53004
    -7.53108
    -7.47687
    -7.51948
     -7.5562
    -7.49989
    -7.52845
    -7.52325
    -7.52375
    -7.55521
    -7.52746
    -7.55052
    -7.48916
    -7.55434
    -7.55346
    -7.53718
    -7.56042
     -7.5023
    -7.58802
    -7.59273
    -7.42814
    -7.42607
    -7.39372
    -7.45398
    -7.41952
    -7.43617
    -7.40185
    -7.43953
     -7.4369
    -7.41177
    -7.41728
    -7.46025
    -7.44101
     -7.5098
    -7.39539
    -7.40982
     -7.4095
    -7.41702
    -7.42748
    -7.42314
    -7.43604
    -7.41046
    -7.43809
    -7.43717
    -7.43767
    -7.42835
    -7.43267
    -7.44015
    -7.42621
    -7.41895
    -7.37427
    -7.37946
     -7.3698
    -7.37476
    -7.37994
     -7.4005
    -7.38064
    -7.38931
    -7.37978
    -7.38931
     -7.3917
    -7.38553
    -7.39427
    -7.39821
    -7.39731
    -7.40227
    -7.39309
    -7.40257
    -7.40678
    -7.39825
    -7.39484
    -7.41294
    -7.40258
    -7.41413
    -7.43003
    -7.40962
    -7.42111
    -7.41871
    -7.42079
    -7.46798
    -7.45883
    -7.44602
    -7.45754
    -7.43796
    -7.44093
     -7.4335
    -7.46262
    -7.44386
    -7.45652
    -7.44214
    -7.46294
    -7.46647
    -7.46059
    -7.45659
     -7.4143
    -7.46643
    -7.46395
    -7.47882
     -7.4474
     -7.5021
    -7.47822
    -7.48984
    -7.46878
    -7.48696
    -7.50388
    -7.49787
    -7.50603
     -7.5284
    -7.50656
    -7.51392
    -7.37093
    -7.37081
    -7.36596
    -7.37277
    -7.37432
    -7.37171
    -7.38544
    -7.34153
    -7.44578
    -7.42193
    -7.51464
    -7.45239
    -7.47365
    -7.41991
    -7.43406
    -7.46687
    -7.43221
    -7.44879
    -7.40626
    -7.46914
    -7.46247
    -7.46971
    -7.41538
    -7.49544
    -7.44207
    -7.43028
    -7.41481
    -7.42891
    -7.45989
    -7.44604
    -7.48347
    -7.44245
    -7.50297
    -7.47059
    -7.48504
    -7.42268
    -7.53384
    -7.49046
    -7.52258
    -7.43719
    -7.49863
    -7.52707
     -7.4781
    -7.51185
    -7.48676
    -7.49153
    -7.51685
    -7.45096
    -7.57539
    -7.54218
    -7.51828
    -7.47825
    -7.50071
     -7.4311
    -7.54768
    -7.46675
    -7.38118
    -7.40391
    -7.38674
    -7.40483
    -7.34064
    -7.42419
    -7.37659
    -7.40918
    -7.38218
    -7.44549
    -7.40965
    -7.42887
    -7.39914
    -7.41601
    -7.44725
    -7.40204
    -7.44377
    -7.35785
    -7.49647
    -7.43987
    -7.46698
    -7.53734
    -7.54065
    -7.43505
    -7.60146
    -7.51041
    -7.55654
    -7.50436
    -7.61779
    -7.54057
    -7.53272
     -7.4114
    -7.39913
     -7.3635
    -7.40225
    -7.39617
    -7.32409
    -7.44136
    -7.41844
    -7.51178
    -7.47486
    -7.49665
    -7.52668
    -7.42473
    -7.51161
    -7.42204
    -7.42889
    -7.43937
     -7.4705
    -7.46669
    -7.44557
    -7.45921
    -7.45819
    -7.41145
    -7.45474
    -7.49365
    -7.43924
    -7.47725
     -7.3988
    -7.48187
    -7.44573
    -7.44575
    -7.43069
    -7.57417
    -7.55554
    -7.48895
    -7.51411
    -7.47528
    -7.39486
    -7.56535
    -7.37009
    -7.39361
    -7.48018
    -7.42995
    -7.42603
    -7.45293
    -7.38981
    -7.44201
    -7.38788
    -7.43714
    -7.45907
     -7.4022
    -7.43533
    -7.52003
    -7.32039
    -7.35272
    -7.36014
    -7.34995
    -7.35598
    -7.36881
    -7.34953
    -7.36825
    -7.34015
    -7.37005
    -7.34896
    -7.36651
    -7.34611
    -7.37362
    -7.38583
    -7.36992
    -7.40096
     -7.4145
    -7.38705
    -7.40305
    -7.37588
    -7.43736
    -7.39871
     -7.4161
    -7.38378
    -7.39138
    -7.42343
    -7.39179
    -7.41022
    -7.43574
    -7.38289
    -7.40707
    -7.42306
    -7.39014
    -7.49958
    -7.32167
    -7.30382
    -7.33391
    -7.32113
    -7.33707
    -7.31778
    -7.33354
    -7.35873
     -7.3289
    -7.34604
     -7.3628
    -7.34439
    -7.35101
    -7.32334
    -7.37779
    -7.34537
    -7.34619
    -7.34437
    -7.37626
    -7.45179
    -7.41643
    -7.44611
       -7.38
    -7.50286
    -7.43655
    -7.40854
    -7.40164
    -7.44539
    -7.45059
    -7.40913
    -7.45824
    -7.40973
    -7.47065
    -7.43188
    -7.44433
    -7.34202
    -7.29229
    -7.28569
    -7.32598
    -7.31136
    -7.33338
    -1.29217
    -1.30444
     -1.2951
    -1.29905
    -1.30438
    -1.31133
    -1.30447
    -1.31446
    -1.30105
    -1.33117
    -1.16545
    -1.17222
    -1.16727
    -1.18076
    -1.18611
    -1.18243
    -1.18411
    -1.19167
    -1.19241
     -1.1865
    -1.19246
     -1.1925
    -1.19082
    -1.19953
    -1.29344
    -1.28397
    -1.24606
    -1.31153
    -1.31397
    -1.32649
    -1.32257
    -1.06558
    -1.09176
     -1.0872
    -1.08321
    -1.08858
    -1.09316
    -1.09754
    -1.09633
     -1.0975
    -1.12367
    -1.09881
      -1.101
    -1.13407
    -1.15993
    -1.19066
    -1.26544
    -1.13169
    -1.15769
    -1.22785
    -1.12902
    -1.12468
    -1.12002
    -1.13782
      -1.138
    -1.13312
    -1.14114
     -1.1408
    -1.14607
      -1.146
    -1.15249
    -1.15247
    -1.15229
    -1.15055
     -1.1554
   -0.989913
    -1.01308
    -1.01025
    -1.00896
    -1.01941
    -1.01905
    -1.01969
    -1.02037
    -1.01845
    -1.02362
    -1.02656
    -1.02555
    -1.03676
    -1.03291
    -1.03248
    -1.03658
    -1.03948
    -1.08558
    -1.04611
    -1.04281
      -1.058
     -1.0503
    -1.05087
    -1.06509
    -1.06217
    -1.06352
    -1.06033
    -1.06331
    -1.06834
    -1.06824
    -1.07023
    -1.07244
    -1.07301
    -1.07113
    -1.06819
    -1.06933
    -1.07336
   -0.933591
   -0.921403
   -0.934855
   -0.936279
   -0.947004
   -0.941386
   -0.941612
   -0.946648
   -0.941409
   -0.952072
   -0.950363
   -0.955176
   -0.962685
     -0.9586
   -0.958126
   -0.956443
   -0.958254
    -1.00945
   -0.969581
   -0.965016
   -0.964414
   -0.976209
   -0.969517
   -0.985169
   -0.978331
   -0.980764
   -0.983306
   -0.977296
   -0.976724
    -0.98291
   -0.981899
   -0.979556
   -0.982228
   -0.981567
   -0.983579
   -0.979733
   -0.983453
   -0.988957
   -0.983781
   -0.984206
   -0.848781
   -0.837591
   -0.851283
   -0.864812
    -0.86008
   -0.862161
   -0.868228
   -0.870561
    -0.86779
    -0.87034
   -0.874194
   -0.874096
    -0.87363
   -0.870022
   -0.895677
    -0.87903
   -0.881579
   -0.879356
   -0.927531
    -0.88543
   -0.884114
   -0.884099
   -0.895045
   -0.889529
   -0.892067
   -0.897739
   -0.898628
   -0.890735
   -0.891668
   -0.897577
   -0.891575
    -0.89252
   -0.895454
   -0.888318
   -0.892131
   -0.884723
   -0.890025
   -0.897414
   -0.883503
   -0.888272
   -0.888999
   -0.887165
   -0.774694
   -0.758494
   -0.768665
   -0.779354
   -0.780259
   -0.784565
   -0.781155
   -0.785976
   -0.785222
   -0.798833
   -0.784639
     -0.7892
   -0.793161
   -0.787638
   -0.820262
    -0.79714
   -0.793149
   -0.795078
   -0.808649
    -0.80458
   -0.800375
    -0.79536
   -0.826094
   -0.794183
   -0.809684
   -0.809212
   -0.802091
   -0.804676
   -0.812203
   -0.801473
   -0.805725
   -0.818719
   -0.794776
   -0.805738
   -0.802844
   -0.796373
    -0.79794
   -0.805573
   -0.796503
   -0.796167
   -0.820322
   -0.791419
   -0.793801
   -0.802204
   -0.766822
   -0.797236
   -0.586429
   -0.703743
   -0.698893
    -0.71834
   -0.711063
   -0.707932
   -0.707197
   -0.723239
   -0.724673
   -0.727233
   -0.718491
   -0.726993
   -0.725215
   -0.726367
     -0.7304
   -0.724759
   -0.759157
   -0.723603
     -0.7275
   -0.733133
   -0.730335
   -0.734516
   -0.743154
   -0.737711
   -0.740371
   -0.738651
   -0.722267
   -0.736406
   -0.740426
   -0.731342
   -0.737421
   -0.740075
   -0.733599
   -0.740431
   -0.539895
   -0.631974
   -0.624946
   -0.643622
   -0.641773
   -0.644299
   -0.647605
   -0.650657
   -0.647343
   -0.650502
   -0.652109
   -0.656961
   -0.651505
   -0.658337
   -0.727658
   -0.725064
   -0.718163
   -0.725525
   -0.730392
   -0.698716
   -0.720524
    -0.72223
   -0.712018
    -0.71751
   -0.716305
   -0.711267
   -0.712706
   -0.716661
   -0.714315
   -0.713087
   -0.714531
   -0.712112
    -0.71529
   -0.705155
   -0.707462
   -0.643509
   -0.645943
   -0.682992
   -0.654014
   -0.647069
   -0.652013
   -0.655819
   -0.651947
   -0.652732
   -0.662816
   -0.654708
   -0.655627
   -0.663106
    -0.64454
    -0.64946
   -0.656967
   -0.644539
   -0.643099
    -0.63614
   -0.640619
   -0.647477
   -0.628674
   -0.632178
   -0.638588
   -0.638752
   -0.702101
   -0.690976
   -0.698065
   -0.703422
   -0.701399
   -0.691961
   -0.698167
   -0.702753
   -0.696669
   -0.696577
   -0.707213
   -0.686531
   -0.691627
   -0.690417
   -0.682152
   -0.685334
   -0.690589
   -0.687743
    -0.50953
   -0.524364
   -0.535961
   -0.526754
   -0.547089
   -0.540591
    -0.54219
   -0.540323
   -0.544143
   -0.560183
   -0.544477
   -0.551693
   -0.555157
   -0.550045
   -0.553296
   -0.550926
   -0.577336
    -0.55546
   -0.546859
   -0.554309
   -0.559768
   -0.538812
   -0.549351
   -0.552424
   -0.557989
   -0.563107
   -0.624912
   -0.628436
   -0.627818
   -0.619926
   -0.625959
   -0.613672
   -0.616845
   -0.620033
   -0.606988
    -0.61235
   -0.617418
   -0.602775
   -0.605521
   -0.612385
     -0.5997
   -0.687044
   -0.679924
   -0.686772
   -0.684998
    -0.54529
   -0.551567
   -0.542204
   -0.542542
    -0.55531
   -0.526723
   -0.535907
   -0.543407
   -0.529408
   -0.533697
   -0.526126
   -0.527575
    -0.53625
   -0.511458
   -0.525285
   -0.593214
   -0.594781
   -0.591093
   -0.589869
   -0.596857
   -0.583202
   -0.585663
   -0.589366
   -0.571536
   -0.577194
   -0.583394
   -0.572157
   -0.573977
   -0.588316
   -0.433774
   -0.408084
   -0.449645
   -0.471731
   -0.463916
   -0.457526
   -0.480231
   -0.474572
   -0.464541
   -0.513554
   -0.488287
   -0.446543
   -0.471011
   -0.493004
    -0.42028
   -0.464213
   -0.510233
   -0.509217
    -0.49476
    -0.50574
   -0.510693
    -0.49599
   -0.499772
   -0.483395
   -0.494727
   -0.496107
   -0.476499
   -0.482021
   -0.492667
   -0.569478
   -0.565076
   -0.567018
   -0.572325
   -0.557964
   -0.560408
   -0.566255
   -0.562371
   -0.470916
   -0.458427
   -0.473225
   -0.477502
   -0.461929
   -0.466718
   -0.450576
   -0.455735
    -0.46306
   -0.443399
   -0.457446
   -0.433045
   -0.439675
   -0.409276
    -0.43219
   -0.436548
   -0.426277
   -0.922756
   -0.926378
   -0.946741
    -0.93732
   -0.934475
   -0.939907
    -1.01204
   -0.965964
   -0.967261
   -0.945852
    -1.04663
    -1.03371
    -1.04325
   -0.906033
    -0.91086
   -0.923494
   -0.898902
   -0.909613
    -0.91251
   -0.924194
   -0.918976
   -0.921679
   -0.913604
   -0.941034
   -0.943168
   -0.841509
   -0.853035
   -0.898062
   -0.966658
   -0.882652
   -0.830648
   -0.850319
   -0.967997
   -0.996145
   -0.880076
   -0.862862
   -0.858364
   -0.888865
   -0.896622
   -0.896665
   -0.910148
   -0.905274
   -0.958666
   -0.955773
   -0.820883
   -0.823361
   -0.828509
   -0.825602
   -0.826902
   -0.823641
   -0.833182
   -0.831842
   -0.841727
   -0.841598
    -0.84553
   -0.850516
   -0.853361
   -0.847552
   -0.907158
   -0.861107
   -0.880329
   -0.900259
   -0.912846
   -0.879661
   -0.878431
    -0.89295
   -0.883663
   -0.884107
    -0.88371
   -0.888744
   -0.891321
   -0.923734
   -0.892719
   -0.894898
   -0.906452
   -0.894831
   -0.899327
   -0.906966
   -0.894114
   -0.907441
   -0.909568
   -0.908945
   -0.918068
   -0.923561
   -0.906747
   -0.919644
   -0.928836
   -0.916502
   -0.922859
   -0.935401
   -0.929993
   -0.933566
   -0.963332
   -0.937265
   -0.946355
   -0.756284
   -0.735784
   -0.735938
   -0.770018
   -0.737059
   -0.740622
   -0.746291
   -0.745801
   -0.762483
   -0.756685
   -0.755445
   -0.767455
   -0.772584
   -0.768724
   -0.781139
   -0.782102
   -0.800528
   -0.827381
   -0.791747
   -0.784318
   -0.821879
   -0.854855
   -0.790995
   -0.788667
   -0.800774
   -0.789037
   -0.793415
   -0.800812
    -0.78912
   -0.799264
   -0.803403
   -0.795227
   -0.805362
   -0.816905
    -0.77321
    -0.79832
   -0.820601
   -0.625777
   -0.637552
   -0.633637
   -0.630224
   -0.651866
   -0.632768
   -0.634511
   -0.638236
   -0.651344
   -0.650004
   -0.645271
    -0.63425
   -0.655348
   -0.798321
    -0.82609
   -0.803074
   -0.810338
   -0.811936
   -0.777579
   -0.816925
   -0.812063
   -0.812689
   -0.816639
   -0.831236
   -0.810282
   -0.821189
   -0.833004
   -0.817754
   -0.820017
   -0.832656
   -0.826662
   -0.849212
   -0.744678
   -0.631733
   -0.656846
   -0.672105
   -0.660687
    -0.66793
   -0.664659
   -0.662572
   -0.670081
   -0.673787
   -0.677746
   -0.678432
   -0.684295
    -0.68192
   -0.682721
   -0.702465
   -0.678669
   -0.683406
   -0.686418
   -0.677202
   -0.688959
   -0.689514
   -0.670803
   -0.683236
   -0.690537
   -0.683625
   -0.685692
   -0.697211
   -0.691677
   -0.694763
   -0.706536
   -0.680384
   -0.692472
   -0.693575
   -0.688646
    -0.70381
   -0.561005
   -0.560035
   -0.557595
   -0.559398
   -0.561282
   -0.570575
   -0.562077
   -0.563042
   -0.565232
   -0.572718
   -0.571227
   -0.570899
    -0.57016
   -0.576851
   -0.571828
   -0.572834
   -0.587043
   -0.568211
    -0.57654
   -0.579122
   -0.695196
   -0.690311
   -0.694896
   -0.712553
   -0.685545
   -0.697487
   -0.703834
    -0.70781
   -0.698911
   -0.444204
   -0.446121
   -0.459405
   -0.461163
   -0.466328
   -0.466809
   -0.579137
    -0.57103
   -0.572873
   -0.577654
   -0.555512
   -0.567183
   -0.572608
     -0.5689
   -0.572995
   -0.572481
    -0.56844
   -0.568485
   -0.583218
   -0.558105
     -0.5659
   -0.567966
   -0.561629
   -0.563901
   -0.544387
    -0.56247
   -0.554267
   -0.561476
     -0.5481
   -0.550728
   -0.559871
   -0.544868
   -0.546711
   -0.554153
   -0.549583
    -0.35757
   -0.408533
    -0.43414
     -0.4891
   -0.407934
   -0.408948
   -0.412274
    -0.41353
   -0.415042
     -0.4419
   -0.408395
   -0.416622
   -0.435105
   -0.406622
   -0.427084
   -0.432346
   -0.427658
   -0.444266
   -0.505189
