   0.0881137
   0.0603706
    0.087369
   0.0927908
    0.102857
   0.0728412
   0.0839291
   0.0900875
   0.0748393
   0.0960758
   0.0956373
   0.0816716
   0.0889802
   0.0429047
   0.0495845
   0.0219436
 -0.00560041
 -0.00199009
   0.0015457
  0.00313051
 -0.00151891
   0.0285289
 -0.00998026
 -0.00540213
 -0.00972265
   0.0304167
  -0.0176449
   0.0964297
   0.0713022
    0.117565
    0.113031
    0.128953
    0.112156
    0.105023
    0.106618
   0.0852303
   0.0791899
   0.0866261
   0.0813376
   0.0866225
    0.080022
   0.0710465
   0.0823358
   0.0779528
   0.0884945
   0.0846925
   0.0865023
   0.0798533
   0.0687588
   0.0315594
   0.0392875
   0.0312152
  0.00777247
  -0.0851362
   0.0108026
   0.0106199
   0.0107359
   0.0137078
  0.00496882
   0.0067485
 0.000177355
  -0.0119054
  0.00747506
  0.00144917
  0.00273896
  6.0342e-05
  0.00665672
-0.000406558
-0.000812421
  -0.0130586
  0.00288719
 -0.00337383
   0.0164119
  0.00360238
  0.00951445
-0.000229537
    0.015725
  -0.0137314
 -0.00152226
 -0.00886078
  0.00878568
 0.000209546
   0.0204158
  0.00489801
    0.116938
    0.086932
 -0.00883353
    0.126261
  -0.0389837
    0.128702
    0.120136
     0.12816
    0.124051
    0.107465
    0.111498
    0.101036
   0.0887075
   0.0966911
 0.000279286
  -0.0815719
   0.0102327
  0.00150442
  0.00243438
  0.00541012
 -0.00423673
 -0.00387348
 -0.00818765
-0.000123327
  -0.0124948
 -0.00368606
 -0.00826203
 -0.00507519
 -0.00741403
 -0.00815618
 -0.00272457
  -0.0145981
  0.00746289
  -0.0100916
 -0.00562674
 -0.00957243
 0.000162984
  -0.0375369
-0.000583148
 -0.00871421
  0.00242794
  0.00354778
  0.00150332
  0.00354006
  0.00169108
   0.0143245
  0.00419707
  0.00309876
 -0.00514026
  0.00166472
 -0.00471465
 0.000865309
  0.00401557
  -0.0131008
 -0.00908672
  -0.0416427
  0.00348385
  -0.0237603
 -0.00551443
 -0.00567366
  0.00123908
 -0.00889326
  -0.0033787
 -0.00146601
  -0.0195251
  -0.0174797
  -0.0100526
  -0.0358896
 -0.00286114
  -0.0108117
  0.00786135
  -0.0128685
  -0.0111839
 -0.00881106
  -0.0349712
  -0.0179902
  -0.0336092
  0.00418217
  -0.0345982
  -0.0241621
   -0.077552
  -0.0176804
  -0.0348618
 -0.00988937
  -0.0257462
  0.00472946
  -0.0144786
  -0.0191024
  -0.0796216
 -0.00521242
  -0.0390625
  -0.0172411
  -0.0555532
  0.00685307
  -0.0708769
   -0.052574
   -0.110243
  -0.0313023
  -0.0737143
  -0.0906863
  0.00100422
 -0.00283569
  0.00876992
 -0.00741336
 -0.00547943
  -0.0179917
  0.00318789
  -0.0266693
   0.0122297
 -0.00112111
   0.0173953
  0.00880518
   0.0125883
 -0.00189488
  0.00211596
  0.00789647
   0.0122857
-4.64834e-05
   0.0199316
 -0.00657705
-0.000889242
  -0.0106106
  0.00458729
  -0.0117583
   0.0142863
 -0.00241845
   0.0182209
 -0.00711421
 -0.00766675
  -0.0119241
   -0.019259
  -0.0362287
-1.94395e-05
  -0.0194101
   0.0189039
   -0.010385
   -0.013992
  -0.0374857
  0.00413733
  -0.0281959
   0.0124441
  -0.0127902
   0.0236441
 -0.00918286
 -0.00336182
  -0.0157446
  -0.0126939
   -0.053952
   0.0114491
  -0.0613011
  -0.0352153
   -0.139232
   -0.052481
   -0.119907
  0.00462069
  -0.0196459
   -0.155025
 -0.00603128
   -0.026644
 -0.00287275
  -0.0184677
  -0.0166147
   0.0263688
   0.0194427
    0.014999
   0.0185366
  0.00410673
   0.0218623
   0.0217048
   0.0303299
   0.0183363
    0.023421
   0.0266699
   0.0184821
   0.0237294
   0.0139489
   0.0136432
   0.0179436
   0.0144817
   0.0288009
   0.0174825
   0.0315663
   0.0297779
   0.0231457
   0.0219751
   0.0246798
   0.0171887
  0.00701783
   0.0256672
    0.012916
   0.0174022
   0.0227383
   0.0236918
   0.0250598
   0.0133437
   0.0275681
   0.0200897
   0.0453878
   0.0220487
   0.0289941
   0.0243046
   0.0118414
   0.0280526
  -0.0840603
  -0.0246772
  -0.0744223
  -0.0971906
  0.00396171
  -0.0288753
  -0.0203982
 -0.00310028
   0.0161483
  0.00912441
    0.021606
   0.0139628
   0.0260455
   0.0155253
    0.014144
   0.0153123
   0.0135593
   0.0137504
   0.0146387
   0.0127371
   0.0259868
 -0.00919447
  -0.0214827
 -0.00949068
  -0.0190184
   0.0179407
-0.000889367
  0.00550217
 -0.00549407
 -0.00745235
    -0.01289
  -0.0250816
  0.00180355
  -0.0369493
  -0.0224578
  -0.0608818
  -0.0106992
  -0.0286762
 -0.00153337
 -0.00973342
  0.00489445
  -0.0209999
  -0.0221187
   -0.059396
  -0.0265767
  -0.0671827
  -0.0370061
  -0.0682275
 -0.00199417
  -0.0332401
  -0.0117088
  -0.0601338
  -0.0178439
  -0.0315922
 -0.00177681
  -0.0396956
   0.0181683
  -0.0426986
 -0.00421683
   0.0289049
   0.0207054
   0.0274009
    0.018593
    0.023901
  -0.0217446
   0.0125506
   -0.027697
   -0.012613
  -0.0191928
 0.000707853
  -0.0152493
  -0.0156659
  -0.0291883
  -0.0226295
  -0.0284264
  -0.0574217
  -0.0168766
  -0.0424173
  -0.0400536
  9.6671e-05
   0.0233337
 0.000674002
  0.00687585
  0.00239106
  0.00500941
  0.00100337
 -0.00503901
-0.000988375
   0.0168387
   -0.011703
  -0.0418242
 -0.00238219
  -0.0203048
 -0.00125567
  -0.0172198
  -0.0225784
  -0.0209421
  -0.0475156
  -0.0138185
  -0.0291057
-0.000384322
   -0.022263
   -0.037764
  0.00364894
  -0.0482391
  -0.0165312
  -0.0151465
  0.00369478
  0.00253336
   0.0258256
 -0.00095919
   -0.004923
 -0.00203658
  -0.0126679
  -0.0211576
  -0.0171093
   -0.026338
  -0.0400733
  -0.0206734
  -0.0453845
 -0.00431045
  -0.0189737
 -0.00589371
  -0.0349777
  -0.0486844
  -0.0878032
  -0.0579192
   -0.103152
  -0.0342011
  -0.0471599
   0.0124757
  -0.0278867
   0.0350338
  -0.0175984
  -0.0262394
  -0.0680789
  -0.0257392
  -0.0641356
   0.0193392
  -0.0564042
  -0.0526533
  -0.0301325
  -0.0827374
  -0.0216195
  -0.0656802
   0.0117345
  -0.0523134
  -0.0555533
  -0.0948062
   -0.100354
  0.00790135
  0.00693431
-0.000525193
   0.0072002
  0.00368179
  0.00573508
  0.00741477
  0.00126165
 -0.00959275
-0.000913309
-0.000612598
  0.00270099
 -0.00344245
   -0.021314
 -0.00771444
  -0.0323856
 -0.00179899
  -0.0312295
  -0.0297382
  -0.0321038
 0.000269455
  -0.0171625
  -0.0175556
  -0.0322207
   0.0237901
  -0.0270545
  -0.0214671
 -0.00873668
  0.00149938
  -0.0421009
  0.00718837
  -0.0372759
  -0.0341669
  -0.0840691
  -0.0220409
  -0.0439937
 -0.00156703
  -0.0381067
  -0.0303445
  -0.0231071
   -0.082185
    0.034281
  -0.0407373
   0.0362088
   0.0354953
    0.045927
   0.0424715
   0.0383243
   0.0273393
   0.0256465
   0.0346627
   0.0344214
   0.0274054
   0.0186943
   0.0330683
   0.0409274
   0.0320297
   0.0388329
   0.0322967
   0.0429521
   0.0254327
    0.024617
   -0.015024
     0.04196
   0.0295144
   0.0420754
   0.0311625
   0.0403613
    0.031842
   0.0395133
   0.0393245
   0.0258328
 7.01342e-05
  -0.0160332
  -0.0348576
  -0.0385762
  -0.0945588
  -0.0315619
  -0.0526372
  -0.0247965
  -0.0729071
  -0.0614051
   0.0010693
  -0.0018292
   0.0106293
 0.000359028
  0.00610295
    0.011482
  0.00159159
  0.00799847
  0.00575349
   0.0106434
  0.00476904
  0.00641932
  -0.0358376
  -0.0273837
  -0.0650512
  -0.0194444
  -0.0524786
  -0.0133977
  -0.0405745
  -0.0210206
  -0.0937107
  -0.0299947
  -0.0320722
  -0.0630655
  -0.0389116
  -0.0107985
  -0.0231939
  -0.0159554
  -0.0560865
  -0.0119926
  -0.0533418
  -0.0227559
  -0.0566546
  -0.0190271
  -0.0347808
   0.0475979
   0.0337342
   0.0247613
   0.0239908
   0.0273714
   0.0123352
   0.0266294
   0.0226008
   0.0368294
   0.0260973
   0.0225656
   0.0305304
  0.00818707
   0.0312412
   0.0444851
   0.0373091
     0.04866
   0.0363066
   0.0285635
   0.0393062
   0.0245457
   0.0295948
   0.0225005
   0.0110889
  -0.0017577
  -0.0131093
  -0.0346333
  -0.0444082
  -0.0382974
  -0.0499451
  -0.0128964
  -0.0466948
  -0.0222459
  -0.0329249
  -0.0437657
  -0.0656479
  -0.0415369
  -0.0230865
  -0.0838025
  -0.0164309
  -0.0464235
 0.000930382
  -0.0459241
  -0.0499173
  -0.0836131
   0.0481191
   0.0241327
   0.0168372
   0.0286879
   0.0210004
   0.0491017
   0.0269804
   0.0302091
   0.0280996
   0.0326417
   0.0233199
   0.0115447
   0.0130747
 -0.00393239
  -0.0193559
  -0.0438331
  -0.0350853
  -0.0495136
  -0.0536195
   0.0204347
   0.0200409
   0.0143061
   0.0246746
   0.0164886
   0.0331196
   0.0251845
   0.0290191
   0.0100173
   0.0208316
   0.0422967
   0.0267353
   0.0204722
   0.0226863
  -0.0653957
  -0.0775545
  -0.0557726
  -0.0470523
  -0.0391756
  -0.0430632
  -0.0451862
  -0.0425244
  -0.0534591
  -0.0423949
  -0.0700581
   -0.037762
  -0.0457943
  -0.0274838
   -0.043434
  -0.0495965
  -0.0449977
  -0.0536146
   -0.049512
  -0.0597828
   -0.031031
  -0.0521981
  -0.0710084
  -0.0422066
  -0.0420177
   0.0105493
   0.0164845
     0.03606
  -0.0111269
  -0.0923747
   -0.125493
   0.0227545
   0.0157855
   0.0147485
   0.0142543
   0.0112054
   0.0117162
   0.0126317
  0.00603795
   0.0169227
  -0.0138854
   0.0138209
  0.00836343
     0.01616
  0.00763039
   0.0137247
  0.00925813
-0.000863408
  -0.0110533
 3.33526e-05
 -0.00675246
  -0.0514823
  -0.0768233
  -0.0848862
  -0.0980767
  -0.0999462
   -0.100495
  -0.0964262
  -0.0969888
   -0.105498
  -0.0738619
   -0.073432
  -0.0560994
  -0.0685546
  -0.0879915
  -0.0559448
  -0.0648538
  -0.0707518
  -0.0570752
  -0.0725087
  -0.0594972
  -0.0680419
  -0.0462984
  -0.0655094
  -0.0764488
  -0.0427574
  -0.0818634
   0.0118991
    0.134496
   0.0313858
   0.0197398
   0.0217412
   0.0156496
   0.0141096
   0.0120033
  0.00740964
   0.0231834
   0.0128642
   0.0155236
   0.0201331
  -0.0440712
 -0.00167502
  -0.0337594
   -0.101816
   0.0157677
   0.0122058
  -0.0576873
  -0.0435196
  -0.0261381
   0.0116944
-0.000799213
   0.0110983
  0.00732252
   0.0011211
  0.00548332
  0.00102246
  0.00885831
  0.00371176
  0.00458561
   0.0033483
 -0.00263188
  0.00738043
   0.0104894
   0.0118964
  0.00772843
   0.0178491
   0.0100958
 -0.00144615
   0.0104392
  0.00620841
   0.0162769
  0.00921766
   0.0196795
   0.0102452
 -0.00759737
  -0.0132217
  -0.0244309
 -0.00756073
  -0.0222374
  0.00865387
  -0.0029524
 0.000262878
  0.00593902
   0.0192933
   0.0314231
   0.0320099
   0.0254322
   0.0303988
   0.0266751
   0.0244185
   0.0273754
   0.0259284
   0.0322099
   0.0208789
    0.028964
   0.0238201
   0.0209181
  0.00599064
  -0.0252746
   0.0248847
  0.00712321
   0.0162487
   0.0130172
   0.0114942
   0.0354255
   0.0144842
  0.00567448
   0.0104069
  0.00605523
   0.0185145
   0.0162355
  0.00444409
   0.0245026
    0.018154
   0.0138766
   0.0154591
   0.0105114
   0.0237928
   0.0186393
 -0.00321872
   0.0209699
   0.0155161
  0.00948714
   0.0195802
   0.0116504
     0.02353
   0.0109598
  0.00228535
  -0.0216758
  0.00445495
 -0.00114344
  0.00820271
-0.000947564
 -0.00560283
    0.087727
   0.0823122
   0.0850626
 -0.00925155
  -0.0121311
   -0.039282
  -0.0619362
  -0.0535054
  -0.0553921
  -0.0674585
  -0.0718299
  -0.0948745
  -0.0680031
  -0.0797503
  -0.0950204
  -0.0839375
   0.0772956
   0.0410335
   0.0385636
  0.00843887
   0.0202633
   0.0171336
    0.020262
   0.0213507
   0.0139791
    0.014662
  0.00741162
  -0.0219975
   0.0119114
  0.00925423
    0.014046
    0.014151
  0.00828763
   0.0156285
-0.000628654
 0.000680966
 -0.00736846
   0.0130293
  0.00404373
-0.000949754
  0.00138084
   0.0041485
  0.00586822
 -0.00481288
   0.0220335
 -0.00625711
   0.0445998
    0.017422
 -0.00970751
   0.0232842
   0.0185817
  0.00709449
   0.0165105
  -0.0309046
   0.0201751
-0.000273479
  -0.0181778
    0.015222
  0.00779232
  0.00597353
   0.0200774
   0.0102922
   0.0186096
   0.0142022
   0.0285744
   0.0135832
   0.0016803
   0.0592539
   0.0306946
   0.0279757
   0.0396686
   0.0194636
   0.0046408
   0.0236474
   0.0170523
   0.0157493
   0.0285294
   0.0397165
   0.0229838
   0.0271268
   0.0188168
   0.0102847
   0.0258288
   0.0200184
   0.0191163
   0.0178437
  -0.0215068
 -0.00731265
  -0.0228989
  -0.0231052
  0.00507705
 -0.00468925
 -0.00841173
 -0.00648108
  -0.0101695
 -0.00821777
  -0.0132954
 -0.00948249
   -0.014489
  -0.0129451
  -0.0105964
  -0.0172409
  -0.0303418
   0.0099759
 -0.00776619
  0.00282783
 -0.00079953
  0.00958786
  0.00307941
   0.0174622
  0.00392194
  0.00487384
   0.0069903
 0.000121495
   0.0108305
 -0.00477649
    0.012263
 -0.00325142
 -0.00318359
  0.00285438
 -0.00376371
  0.00967203
  0.00332966
   0.0123015
  0.00309837
 -0.00372063
  0.00380118
  -0.0103202
   0.0284105
   0.0154121
   0.0476048
    0.023643
   0.0084793
   0.0396146
  0.00198128
   0.0800218
    0.033618
   0.0132286
  0.00969893
   0.0134635
  0.00581603
 -0.00303855
  0.00636472
 0.000830627
  0.00493799
-0.000404052
   0.0149222
-0.000699214
 -0.00343544
-0.000121993
  0.00531438
  -0.0103672
 -0.00665009
   -0.010403
 -0.00967842
 -0.00951649
  -0.0177329
-0.000996586
 -0.00977912
  -0.0140384
 -0.00599122
 -0.00707879
 -0.00105526
 -0.00351445
  -0.0180134
-0.000235314
 -0.00157496
 -0.00395775
 -0.00456054
 -0.00819851
    -0.01008
  -0.0106762
   -0.021711
 -0.00747081
  -0.0151709
  -0.0198268
  -0.0120082
 -0.00884175
    0.013616
   0.0282973
 -0.00515725
   0.0534464
  0.00398494
  0.00210954
  0.00670109
  0.00463226
  0.00714235
  0.00217206
   0.0163015
  0.00985758
  0.00787802
    0.011527
 -0.00934489
   0.0305665
   0.0320886
   0.0332782
   0.0297014
  0.00886915
   0.0258497
   0.0232463
   0.0220511
   0.0208665
   0.0220643
   0.0187543
   0.0215149
   0.0161287
   0.0220252
  0.00549317
   0.0163749
   0.0233531
  -0.0100205
  -0.0085685
   0.0247129
   0.0184088
  0.00733542
   0.0243023
   0.0193643
   0.0245497
   0.0148642
   0.0236654
  0.00743048
 -0.00803846
   0.0523824
   0.0187243
   0.0129831
   0.0147243
   0.0160071
    0.020033
  0.00940229
   0.0144721
   0.0434204
   0.0154283
   0.0103701
   0.0207097
   0.0130634
   0.0253821
    0.020108
   0.0102454
    0.047502
   0.0150254
   0.0112012
    0.024719
   0.0142629
   0.0188716
   0.0104115
 -0.00668048
 -0.00224853
 -0.00700241
  -0.0178376
  -0.0031797
  -0.0063778
  -0.0109651
 -0.00512606
 -0.00956983
 -0.00785961
 -0.00969121
  -0.0190471
 -0.00293512
  -0.0103932
  -0.0076671
   -0.006839
 -0.00528678
   0.0432147
   0.0458185
   0.0347436
    0.030732
    0.029191
   0.0195026
   0.0286585
   0.0244754
   0.0294138
   0.0224842
   0.0189439
   0.0397081
   0.0263947
   0.0128888
   0.0272818
  0.00181762
 -0.00722572
 0.000937004
  0.00368752
    0.029121
   0.0287173
   0.0166652
   0.0249724
   0.0131235
   0.0252831
   0.0153417
  -0.0108519
   0.0190874
   0.0153081
 -0.00803362
   0.0139742
  0.00761477
    0.021006
   0.0142926
   0.0356425
   0.0155578
  0.00634268
   0.0178518
   0.0164881
    0.025695
   0.0138396
   0.0361096
    0.026094
   0.0055571
   0.0255673
   0.0206399
   0.0178192
   0.0181378
  0.00875352
   0.0486099
   0.0130745
 0.000358037
   0.0227423
   0.0115741
   0.0246789
   0.0184725
  -0.0046705
   0.0183143
   0.0140479
   0.0191057
   0.0146896
   0.0194165
 -0.00599771
 -0.00615113
 -0.00978272
   -0.014993
  0.00206696
  -0.0104779
  -0.0137599
 -0.00934363
  -0.0548009
    0.139431
-0.000177255
 -0.00811214
 -0.00340508
 -0.00605724
  -0.0129941
  -0.0150421
  -0.0196114
   -0.003868
 -0.00973222
  -0.0179963
  -0.0142655
  -0.0210256
  -0.0164139
  -0.0195742
  -0.0983849
  -0.0241545
  -0.0238747
  -0.0238523
   -0.012148
  -0.0202991
  -0.0152391
  -0.0220337
  -0.0193756
  -0.0245452
  -0.0322521
  -0.0172183
  -0.0261758
  -0.0218783
   -0.017704
 -0.00656095
   -0.019874
  -0.0242983
  -0.0156692
  -0.0152428
  -0.0127393
  -0.0199057
  -0.0128945
  -0.0186773
   -0.028052
  -0.0142181
  -0.0329295
   0.0328361
   0.0151036
  -0.0178792
   0.0367905
   0.0115759
 -0.00745172
   0.0191765
   0.0051001
   0.0245696
   0.0169272
  -0.0172809
   0.0429288
   0.0183414
  0.00971557
   0.0345162
   0.0153825
   0.0152696
   0.0527447
   0.0205864
   0.0122325
   0.0219617
   0.0199401
   0.0363184
   0.0209087
  0.00197802
   0.0229784
    0.011755
  0.00449265
   0.0233091
  0.00677235
-0.000354674
  -0.0120672
    -0.01528
  -0.0168094
   -0.010477
  -0.0203818
  -0.0252731
  -0.0173186
  -0.0272789
  -0.0233497
  -0.0284286
  -0.0180656
  -0.0280042
   0.0277844
   0.0281943
   0.0124457
   0.0306884
   0.0164117
 -0.00289136
   0.0333001
   0.0192709
   0.0100115
   0.0266963
   0.0202634
   0.0213094
   0.0173913
   0.0211339
   0.0180498
   -0.018704
   -0.025316
  -0.0167724
  -0.0237599
  -0.0057456
  -0.0148531
  -0.0472313
  -0.0167581
  -0.0177765
  -0.0255334
   0.0305244
   0.0325761
   0.0253929
  0.00402234
   0.0520806
   0.0308928
  0.00708895
    0.043653
    0.010056
    0.053531
  0.00429036
  -0.0169031
  -0.0183958
  -0.0194006
  -0.0120515
  -0.0157167
  -0.0297614
 -0.00934867
  -0.0168491
  -0.0238351
  -0.0178975
   0.0330607
  -0.0165699
  -0.0216041
  -0.0177728
  -0.0235024
   -0.029104
  -0.0266924
 -0.00438167
 -0.00397603
   0.0495174
   0.0401389
   0.0144892
   0.0536268
   0.0443649
   0.0432414
   0.0741507
   0.0730101
   0.0831417
   0.0659941
   0.0767773
   0.0322916
  -0.0426621
   0.0421799
  -0.0382571
    -0.10994
  -0.0833347
  -0.0839063
  -0.0778484
    0.059395
   0.0230294
  -0.0198288
  -0.0026569
  0.00165178
   0.0198763
   0.0056067
   0.0233675
  0.00509074
  -0.0413349
  -0.0363304
   0.0123402
  0.00281643
  0.00841257
  0.00156443
  0.00144778
 -0.00110988
 -0.00737329
  -0.0066494
  -0.0140237
  -0.0145373
  -0.0113187
    -0.01967
  -0.0206934
  -0.0237982
  -0.0155517
  -0.0466021
  -0.0807921
  -0.0837035
  -0.0506954
  -0.0289783
  -0.0366869
  -0.0381573
   -0.046567
  -0.0524584
  -0.0345476
  -0.0501793
  -0.0666896
   -0.065207
  -0.0737297
 -0.00524566
   0.0142174
   0.0319066
    0.015658
   0.0121397
   0.0165908
   0.0130234
  0.00777324
  0.00122805
 -0.00385989
    0.014035
  0.00537311
 -0.00128922
  0.00255265
  -0.0024496
 -0.00837241
  -0.0065098
  -0.0209363
 -0.00171134
  -0.0105812
  -0.0187781
  -0.0171919
  -0.0190514
  -0.0149889
   -0.023416
   -0.025049
  -0.0272305
  -0.0379895
  -0.0301949
   -0.041636
  -0.0414265
  -0.0457189
    -0.10904
   -0.089083
   0.0244636
   0.0382598
   0.0446292
   0.0398304
   0.0467151
   0.0396026
   0.0400879
   0.0342422
   0.0318018
   0.0280631
   0.0283194
   0.0253594
   0.0191523
   0.0236483
   0.0172913
  0.00684124
   0.0148076
   0.0121194
  0.00652185
 -0.00171836
 -0.00367313
 -0.00331816
  -0.0131274
 -0.00148085
 -0.00406129
  -0.0033519
  -0.0110637
 -0.00856165
  -0.0150655
  -0.0183852
  -0.0175723
  -0.0250449
  -0.0231244
  -0.0292543
  -0.0253098
  -0.0371339
   0.0775231
   0.0723413
   0.0767036
   0.0700768
   0.0822299
    0.069555
   0.0681279
   0.0621845
   0.0631739
   0.0597368
    0.057765
   0.0594906
   0.0487468
   0.0495387
   0.0496425
   0.0389484
   0.0423114
   0.0418835
   0.0396271
   0.0312098
   0.0235953
    0.022523
   0.0177366
   0.0258254
   0.0239926
    0.023566
    0.022488
  0.00753192
   0.0242607
   0.0175499
  0.00944932
   0.0085472
  0.00221153
  0.00706968
  0.00432931
  0.00913568
 -0.00229536
  -0.0164491
 -0.00881518
 -0.00597556
 -0.00585512
  -0.0144508
 -0.00953374
  -0.0146324
  -0.0242245
  -0.0129483
  -0.0259979
  -0.0199789
  -0.0267496
  -0.0205982
  -0.0264422
  -0.0306363
  -0.0259915
  -0.0328947
  -0.0352982
  -0.0361875
  -0.0274938
  -0.0406521
  -0.0462207
  -0.0431162
   -0.044191
  -0.0448733
  -0.0476499
  -0.0507809
  -0.0399659
  -0.0526771
  -0.0524985
  -0.0463064
-0.000458223
  -0.0915113
  -0.0239588
  -0.0298639
   0.0311133
  -0.0321306
   0.0289007
  -0.0271454
  -0.0929471
   0.0613096
  -0.0248399
  -0.0779979
    0.100381
 -0.00411587
   -0.053047
   0.0105611
  -0.0437819
   -0.118139
  -0.0121732
  -0.0379427
  -0.0660825
   0.0255778
   0.0458105
   0.0486102
   0.0446438
   0.0494718
   0.0429825
   0.0423422
   0.0394557
   0.0300083
   0.0390596
   0.0333681
   0.0327351
   0.0296432
   0.0301295
   0.0271956
   0.0180776
   0.0256883
   0.0193879
   0.0173298
   0.0115366
   0.0193204
   0.0106488
  0.00554426
  0.00627496
  0.00548368
  0.00710623
 0.000668949
  0.00794097
 9.43588e-05
 -0.00110772
 -0.00297792
 -0.00577458
 -0.00324663
 -0.00659253
  -0.0065336
  -0.0105112
  -0.0114836
  -0.0137612
  -0.0177148
  -0.0136616
   -0.019824
  -0.0169369
  -0.0173551
  -0.0214489
  -0.0256264
 -0.00961767
  -0.0191068
  -0.0179262
  -0.0212884
   0.0326435
  -0.0228864
   0.0566138
   -0.020265
   0.0677454
-0.000248239
  -0.0973501
   0.0849909
   0.0180205
  -0.0545508
    0.102274
   0.0440908
  -0.0235375
   0.0578572
  0.00864279
   0.0303167
  -0.0567789
   0.0840215
   0.0462902
 -0.00342427
    0.035992
  -0.0065328
   0.0592114
   0.0164039
  -0.0604583
   0.0998477
  0.00326556
  -0.0431892
   0.0225292
  -0.0044534
   0.0631121
 -0.00452694
  -0.0583321
   0.0731911
  0.00955839
  -0.0553564
  0.00801152
  -0.0240115
   0.0424219
   0.0120497
  -0.0564166
  -0.0631686
   0.0156256
  0.00962637
  -0.0618745
   0.0113163
   -0.039828
-0.000405689
  -0.0101112
  -0.0707783
   0.0702256
  -0.0120252
    -4.09086
    -4.10851
    -4.08551
    -4.09413
    -4.06085
    -4.08584
     -4.0008
    -4.11506
     -4.1509
    -4.11471
     -4.1421
    -4.20114
    -4.10964
    -4.13614
    -4.11458
    -4.11692
    -4.11018
    -4.13643
    -4.02544
    -4.09471
    -3.98263
    -3.99148
     -4.0109
    -3.98551
    -3.98588
    -4.00435
     -3.9758
    -3.97919
    -3.99583
    -3.99333
    -4.01198
    -4.01611
    -4.00389
    -4.01752
    -4.14422
    -4.05655
    -4.07334
    -4.16618
    -4.17303
      -4.001
    -4.03992
    -4.22653
     -4.0074
     -4.0119
     -4.0402
     -4.0839
    -4.10957
    -4.08886
     -4.0959
    -4.09372
    -4.10117
    -4.08442
    -4.09308
    -4.09282
    -4.09689
    -4.08331
     -4.0854
    -4.08671
    -4.08553
    -4.09268
    -4.10433
    -4.07147
     -4.0806
    -4.08669
    -4.07383
    -4.08516
     -4.0926
    -4.06975
    -4.07866
    -4.07743
    -4.08628
    -4.11621
    -4.10325
    -4.10238
    -4.12383
    -4.08931
    -4.09176
    -4.06494
    -4.08339
    -4.09831
    -4.07859
    -3.97087
     -3.9842
    -3.99324
    -3.99365
    -3.99458
    -3.98255
    -3.99951
    -3.99065
    -3.99667
    -3.95258
    -3.98202
     -4.0062
    -3.97453
    -3.98175
    -3.98251
    -3.98635
    -3.99142
    -3.99929
    -3.97285
    -3.98228
     -4.0189
    -4.02079
    -3.99523
    -4.04152
    -4.10914
    -4.10905
    -4.10446
    -4.11628
    -4.08949
    -4.09499
    -4.09563
    -4.09989
    -4.06531
    -4.09858
     -4.1145
     -4.0973
    -4.10222
    -4.09393
    -4.10137
    -4.10629
    -4.11138
    -4.09284
     -4.1048
    -4.10116
    -4.10342
    -4.08422
    -4.09991
    -4.09227
    -4.09155
     -4.0936
     -4.1049
    -4.08873
    -4.09634
    -4.08592
    -4.09089
    -4.09712
    -4.08533
     -4.0797
    -4.08546
    -4.09556
    -4.07743
    -4.08654
    -4.09997
    -4.06861
    -4.08009
    -4.08518
    -4.08722
    -4.06548
    -4.09488
     -4.1208
    -4.09407
    -4.09993
    -4.11414
    -4.07579
    -4.10207
    -4.07996
    -4.08416
    -4.10426
    -4.09402
    -4.05877
    -4.07952
    -4.12184
    -4.08267
    -4.12712
    -4.07732
    -4.11707
    -4.09214
    -4.09407
    -4.07602
    -4.10093
    -4.07865
    -4.10718
    -4.09182
    -4.09268
    -4.06334
    -4.10827
    -4.14847
    -4.01044
    -4.09263
     -4.1401
    -4.04583
    -4.09541
     -4.1295
    -4.09281
    -4.13699
    -4.13014
    -4.10733
    -4.13311
    -4.10419
    -4.14866
    -4.11756
    -4.14279
    -4.12401
    -4.12916
    -4.06462
    -4.08586
    -4.13602
    -4.04839
    -4.12062
    -4.16176
    -4.09596
    -4.12112
     -4.1807
    -4.07698
    -4.11127
     -4.1441
    -4.09951
    -4.10122
    -4.15991
    -4.07792
    -4.12834
    -4.10142
    -4.13228
    -4.07936
     -4.1473
    -4.09141
    -4.13023
    -4.11567
    -4.14595
    -4.10882
    -4.11534
    -4.08759
    -4.12343
    -4.15728
    -4.15426
    -4.11547
    -4.15787
    -4.11445
    -4.14331
    -4.06668
    -4.11318
    -4.15352
    -4.09835
    -4.15276
    -4.18289
    -4.14019
    -4.12964
    -4.18619
    -4.11984
    -4.13942
    -4.07862
    -4.14781
     -4.0919
    -4.13556
    -4.12532
    -4.15572
    -4.13004
    -4.16254
    -4.19005
    -4.03437
    -4.07815
    -4.06492
    -4.07436
     -4.1155
    -4.08281
    -4.10913
     -4.0789
      -4.124
    -4.08213
     -4.0945
     -4.0914
    -4.13471
    -4.08566
    -4.09207
    -4.07385
     -4.0988
     -4.0654
    -4.07613
    -4.13043
    -4.09783
    -4.11654
    -4.07976
    -4.14087
    -4.09547
     -4.1399
    -4.11694
    -4.12986
    -4.07584
    -4.11766
    -4.08702
    -4.09582
    -4.05461
    -4.08591
    -4.11406
    -4.04925
    -4.08335
    -4.08893
    -4.04084
    -4.06526
    -4.10287
    -4.05543
    -4.10095
    -4.07188
     -4.0934
     -4.1821
    -4.05965
     -4.0929
    -4.10297
    -4.12029
    -4.03735
    -4.11092
    -4.15748
    -4.07735
      -4.089
    -4.15147
     -4.0433
    -4.07693
    -4.10917
    -4.06424
    -4.09162
    -4.06639
     -4.1163
    -4.15032
    -4.06952
     -4.1152
    -4.08783
    -4.12044
    -4.17684
    -4.04286
    -4.04466
     -4.0433
    -4.05225
    -4.05996
    -4.03359
    -4.04813
    -4.04235
    -4.04544
    -4.03811
    -4.03741
    -4.03466
    -4.04548
    -4.03555
     -4.0475
    -4.03538
    -4.04252
    -4.03878
    -4.03255
    -4.03544
    -4.04617
    -4.03913
     -4.0458
    -4.03498
    -4.04359
    -4.03822
    -4.03668
    -4.02888
    -4.04139
    -4.04558
    -4.03973
     -4.0456
     -4.0509
    -4.02089
    -4.03378
    -4.07414
    -4.02305
     -4.0309
    -4.04289
    -4.04492
    -4.03188
     -4.0376
    -4.03631
    -4.04991
    -4.03065
      -4.036
    -4.03539
    -4.03229
    -4.05243
    -4.05328
     -4.0366
    -4.05151
    -4.05241
    -4.06094
     -4.0162
    -4.03285
    -4.07874
     -4.0365
    -4.04356
    -4.05227
    -4.04645
    -4.06981
    -4.04275
    -4.04523
    -4.05297
    -4.04299
    -4.05046
    -4.05142
    -4.05368
    -4.05277
    -4.04949
    -4.04805
    -4.05941
    -4.05422
    -4.05912
    -4.02225
    -4.04982
    -4.06229
    -4.04285
    -4.04858
    -4.05533
    -4.07051
    -4.06452
    -4.08751
    -4.07051
    -4.09988
    -4.06562
     -4.1142
    -4.08269
    -4.10907
    -4.00973
    -4.08154
    -4.12711
    -4.07997
     -4.1577
    -4.06062
    -4.09125
    -4.14045
    -4.03782
    -4.08922
    -4.09687
    -4.04638
    -4.05518
    -4.10239
    -4.04311
    -4.06586
    -4.08294
    -4.11427
    -4.04616
    -4.09806
    -4.07003
    -4.11307
    -4.04544
    -4.12169
    -4.01324
    -4.07079
    -4.01802
      -4.053
    -4.02819
    -4.04285
    -4.02127
    -4.02768
    -4.03181
    -4.04882
     -4.0486
    -4.05311
    -4.05712
     -4.0565
    -4.05962
    -4.07649
    -4.04537
    -4.05439
     -4.0438
    -4.05102
    -4.04056
    -4.04294
    -4.04038
    -4.04304
    -4.04748
    -4.05159
    -4.01817
    -4.07952
     -3.9943
    -4.09991
    -4.15812
    -4.05147
     -4.0949
    -4.13651
    -4.06345
    -4.08259
    -4.09624
    -4.05252
    -4.09141
     -4.0998
    -4.06037
    -4.08391
    -4.12514
    -4.06328
    -4.08034
    -4.05319
    -4.06216
    -4.07951
    -4.09775
    -4.13199
    -4.10747
     -4.1132
    -4.15387
    -4.08258
    -4.14714
    -4.06077
    -4.07721
    -4.08265
    -4.08262
    -4.10857
    -4.08263
    -4.10788
    -4.07247
    -4.13217
    -4.07969
    -4.12349
     -4.0767
    -4.13013
    -4.11188
    -4.12897
    -4.04493
    -4.03616
    -4.10838
    -4.05906
    -4.10922
    -4.08589
    -4.06568
    -4.07041
      -4.116
    -4.06902
    -4.10922
    -4.06906
    -4.09619
    -4.06934
    -4.12812
    -4.06298
    -4.12969
    -3.96119
    -4.09045
     -4.1444
    -4.02121
    -4.09197
    -4.12958
    -4.06005
    -4.05876
    -4.15384
    -4.07378
    -4.07893
    -4.05325
    -4.07107
    -4.03866
    -4.06909
    -4.04382
    -4.09794
    -4.06515
    -4.12058
    -4.15101
    -4.16246
    -4.11494
    -4.03289
    -4.11674
    -4.15298
    -4.09987
    -4.05711
    -4.11235
    -4.14094
    -4.05318
     -4.1003
    -4.05537
    -4.08264
    -4.05944
    -4.07316
      -4.092
    -4.04183
    -4.12219
    -4.12948
    -4.03407
    -4.11846
     -4.1464
    -4.02977
     -4.1007
    -4.11746
    -4.10099
    -4.08998
    -4.17761
    -4.18006
    -3.98676
    -4.00548
    -4.01807
    -3.98008
    -3.99016
     -4.0234
    -3.99231
    -4.00388
    -4.01845
    -4.00634
    -4.01368
    -4.02522
    -3.98861
    -3.99769
    -4.04568
    -3.99996
    -4.01313
    -3.99899
    -4.02165
    -3.99752
    -4.00175
    -3.99033
    -4.01225
    -3.99077
    -3.99246
    -3.99648
    -4.00289
    -4.01343
    -4.00478
     -4.0016
     -4.0292
    -3.95256
    -4.01698
    -4.02184
     -3.9803
     -4.0043
    -4.03783
    -3.95473
     -4.0077
    -4.02087
    -4.12296
    -4.08649
    -4.08165
    -4.00214
    -4.01169
    -4.01123
    -4.01669
    -4.01096
    -4.01149
    -4.00295
    -4.00724
     -4.0036
    -4.01164
    -4.00355
    -4.00088
    -4.00402
    -4.01468
    -4.04103
    -4.00227
    -4.05725
    -4.01953
    -4.03764
     -4.0795
    -4.00194
    -4.04291
    -4.06213
    -3.98442
    -4.05615
    -4.10645
    -4.01075
    -4.04295
    -4.15148
    -4.01448
    -4.02177
    -4.06194
    -4.02307
    -4.07078
    -4.06796
    -4.04241
    -3.98072
    -3.98027
    -3.99626
     -4.0105
    -4.00745
    -4.02017
    -4.00094
    -4.02883
     -4.0225
   -0.730245
   -0.697149
   -0.697845
   -0.809859
   -0.821795
   -0.805644
   -0.817693
   -0.736224
   -0.716145
   -0.683386
   -0.699637
   -0.697572
   -0.690134
    -0.68902
   -0.705206
    -0.70705
   -0.757173
   -0.761351
   -0.750438
   -0.639657
   -0.645579
   -0.658009
    -0.66402
   -0.654364
   -0.643873
   -0.628624
   -0.650713
   -0.620406
   -0.628019
   -0.630512
   -0.631853
    -0.63173
   -0.647975
   -0.658459
   -0.677006
   -0.676302
   -0.694004
   -0.653999
   -0.642588
   -0.717828
   -0.707232
   -0.715443
   -0.755191
   -0.710889
   -0.719265
   -0.719916
   -0.720128
   -0.713218
   -0.721345
   -0.724553
   -0.731513
   -0.738066
   -0.738525
   -0.733721
    -0.75307
   -0.721463
   -0.752044
   -0.752651
   -0.787416
   -0.788897
   -0.795772
   -0.776512
   -0.758642
    -0.74952
   -0.760971
    -0.76156
   -0.769638
   -0.749518
   -0.766951
    -0.76054
   -0.766557
   -0.759906
   -0.776272
   -0.776068
   -0.789627
    -0.70417
   -0.698445
   -0.673086
   -0.671643
   -0.655914
   -0.676558
   -0.679363
   -0.710382
   -0.709256
   -0.711256
   -0.708824
   -0.701989
   -0.706397
   -0.703348
   -0.704374
   -0.706444
   -0.716634
   -0.712295
   -0.716537
   -0.714623
   -0.722357
   -0.722379
   -0.723602
   -0.723311
    -0.72743
   -0.739352
   -0.787681
   -0.782516
   -0.787439
   -0.732751
   -0.754105
   -0.732879
   -0.737422
   -0.736666
   -0.737686
   -0.736827
   -0.740358
   -0.742771
   -0.745966
   -0.745504
    -0.75335
   -0.748277
   -0.751638
   -0.750972
   -0.759684
   -0.760634
   -0.764254
    -0.76333
   -0.776871
   -0.764254
   -0.760512
   -0.762376
   -0.775987
   -0.756175
     -0.7697
   -0.803298
   -0.769874
    -0.79221
   -0.690364
   -0.681261
   -0.682579
   -0.677457
   -0.688054
   -0.689926
   -0.691249
   -0.687771
   -0.694486
   -0.692234
   -0.695871
   -0.698008
   -0.699253
   -0.703005
   -0.709365
   -0.706634
   -0.711844
   -0.715754
   -0.720731
   -0.715475
   -0.717729
   -0.718192
   -0.729405
   -0.719729
   -0.720985
   -0.724019
   -0.715963
   -0.730469
   -0.730106
   -0.730727
   -0.735285
   -0.732552
   -0.734223
   -0.734221
   -0.730992
   -0.733422
   -0.737703
   -0.744269
   -0.745362
   -0.748035
   -0.746265
   -0.760103
   -0.752843
   -0.756041
   -0.757756
   -0.645992
   -0.737412
    -0.54498
   -0.709032
   -0.665674
   -0.707476
   -0.665404
   -0.665317
   -0.644712
   -0.657759
   -0.654472
   -0.661915
   -0.657167
   -0.668846
   -0.666292
   -0.669697
   -0.670972
   -0.670568
   -0.674263
   -0.686624
   -0.684257
   -0.684726
   -0.680317
     -0.6832
   -0.682118
   -0.692651
   -0.690687
   -0.692995
   -0.696431
   -0.699628
   -0.693706
   -0.702596
    -0.69779
   -0.720845
   -0.701933
   -0.703176
   -0.705591
   -0.702316
    -0.70511
   -0.707645
   -0.705884
   -0.707111
   -0.705197
   -0.712868
   -0.715071
   -0.717222
   -0.715472
   -0.720506
   -0.721285
   -0.725852
   -0.720967
   -0.724732
   -0.724561
   -0.645062
   -0.615832
   -0.761057
   -0.520343
   -0.637562
   -0.638034
   -0.638731
   -0.639393
   -0.637311
   -0.657133
   -0.636128
   -0.643875
    -0.64442
    -0.64757
   -0.642419
   -0.651368
    -0.65227
   -0.655759
    -0.65245
   -0.661918
   -0.659956
   -0.662023
   -0.664882
   -0.667276
   -0.669327
   -0.673725
   -0.671096
   -0.677015
   -0.673932
   -0.685278
    -0.68132
   -0.691617
   -0.681438
   -0.688732
   -0.673389
    -0.68358
   -0.681584
   -0.684761
   -0.674851
   -0.685859
   -0.685495
   -0.686505
   -0.688136
   -0.693172
   -0.693014
   -0.696677
   -0.694483
   -0.696608
   -0.693703
   -0.700244
   -0.696783
   -0.698334
   -0.699194
     -0.7059
   -0.702007
   -0.706795
   -0.702557
   -0.708258
   -0.690572
   -0.708588
   -0.708486
   -0.707575
   -0.705404
   -0.710073
   -0.707053
   -0.708741
   -0.708264
   -0.708757
    -0.70738
   -0.710823
   -0.623302
   -0.619791
   -0.614419
   -0.625638
   -0.625769
   -0.636586
   -0.634056
   -0.634451
   -0.614572
   -0.631547
   -0.654795
   -0.627268
   -0.634257
   -0.622444
   -0.639596
    -0.64038
   -0.654375
   -0.647518
   -0.649685
   -0.643445
   -0.658691
   -0.662115
   -0.656276
   -0.659787
   -0.665716
    -0.66122
   -0.663673
   -0.660975
   -0.667426
   -0.665996
   -0.678672
    -0.66835
   -0.677375
   -0.666992
    -0.67987
   -0.664992
   -0.676058
   -0.668066
    -0.67531
   -0.670809
   -0.680377
   -0.668909
   -0.678742
   -0.686198
   -0.679525
   -0.687329
   -0.684556
   -0.694089
   -0.687129
   -0.689606
   -0.688065
   -0.694207
   -0.692792
   -0.689279
   -0.689845
   -0.693684
   -0.694154
   -0.691334
   -0.693421
   -0.694518
   -0.694624
   -0.710096
   -0.693116
    -0.69422
   -0.695199
   -0.692721
   -0.689548
   -0.700398
   -0.611015
   -0.614967
   -0.628561
   -0.607494
   -0.626008
     -0.6061
   -0.628496
   -0.607821
   -0.644369
     -0.6141
   -0.636791
   -0.627724
   -0.655911
   -0.632307
   -0.647371
   -0.603453
   -0.639804
   -0.675812
   -0.622999
   -0.642407
   -0.687742
   -0.644598
   -0.638334
   -0.625929
   -0.654012
   -0.631481
    -0.65842
   -0.633943
   -0.655268
   -0.645623
   -0.670328
    -0.63605
   -0.653619
   -0.651394
   -0.652398
   -0.700845
   -0.669399
   -0.655062
   -0.687054
   -0.647309
   -0.685746
    -0.66098
   -0.688368
   -0.666551
   -0.673271
   -0.639278
   -0.662305
   -0.728916
   -0.654899
   -0.674254
   -0.724304
   -0.644953
   -0.670562
   -0.781744
   -0.649403
   -0.685653
   -0.667291
   -0.690933
   -0.651102
    -0.69184
   -0.675052
   -0.669917
   -0.710127
   -0.661444
   -0.698848
   -0.663573
   -0.705343
   -0.667029
   -0.709681
   -0.672087
   -0.757599
   -0.749635
   -0.748223
   -0.736894
   -0.825718
   -0.769525
   -0.769119
   -0.772809
   -0.762255
   -0.775497
   -0.810256
    -0.83008
   -0.843452
   -0.852276
   -0.850725
   -0.863783
   -0.877199
   -0.872741
   -0.861463
   -0.861213
   -0.838111
   -0.827455
   -0.828103
   -0.842545
   -0.833612
   -0.836764
   -0.825745
   -0.841827
   -0.835061
   -0.851589
   -0.825365
   -0.841065
   -0.814339
   -0.830454
   -0.719684
   -0.758951
   -0.738688
   -0.757332
   -0.775923
   -0.755783
   -0.761317
    -0.76226
   -0.762932
   -0.756234
   -0.761703
   -0.755479
   -0.788123
   -0.745998
   -0.830193
   -0.777997
   -0.811518
   -0.758992
   -0.805121
   -0.778628
   -0.789952
   -0.758262
   -0.757344
   -0.755056
   -0.767203
   -0.756027
   -0.760717
   -0.754368
   -0.767965
   -0.747011
   -0.756074
   -0.751598
   -0.754034
    -0.74803
   -0.754965
   -0.717191
   -0.737561
   -0.759692
   -0.746604
   -0.749229
   -0.745155
   -0.757891
   -0.739592
   -0.755673
   -0.750331
   -0.749916
   -0.734743
   -0.747276
    -0.73559
   -0.736766
    -0.73778
   -0.747304
   -0.766527
   -0.753235
   -0.735156
   -0.743454
   -0.742117
   -0.751223
    -0.74043
   -0.743806
   -0.737585
   -0.754444
   -0.750647
   -0.763919
   -0.702474
   -0.733545
   -0.757411
   -0.726395
   -0.751013
   -0.740618
   -0.775413
   -0.731817
   -0.735628
   -0.716738
    -0.72456
   -0.750239
   -0.759494
    -0.75684
    -0.75061
   -0.747066
   -0.758834
   -0.751981
   -0.761582
   -0.763649
   -0.770616
   -0.746642
   -0.762499
    -0.74926
   -0.747707
   -0.743094
   -0.769451
   -0.856848
   -0.807414
   -0.765087
   -0.753561
    -0.75349
   -0.754705
   -0.760144
   -0.751687
   -0.757623
   -0.751471
   -0.764624
    -0.76369
   -0.763389
   -0.744252
   -0.761492
   -0.756026
   -0.764213
   -0.742075
   -0.751837
   -0.725093
   -0.745198
   -0.773368
   -0.732684
   -0.733994
   -0.727419
   -0.736045
   -0.711912
   -0.744455
   -0.729971
    -0.75187
   -0.751253
   -0.759974
   -0.761238
   -0.764886
   -0.756732
    -0.76008
   -0.753637
   -0.754236
   -0.755996
   -0.764921
   -0.761662
   -0.770581
   -0.752676
   -0.778902
     -0.8511
   -0.778892
   -0.761846
   -0.745023
   -0.762322
   -0.756434
   -0.758133
   -0.753833
    -0.75743
   -0.764927
   -0.754424
   -0.766209
   -0.760715
   -0.760992
   -0.752224
   -0.760367
   -0.756186
   -0.751172
   -0.750483
   -0.759669
   -0.753275
   -0.759963
   -0.752231
   -0.758444
    -0.74727
   -0.706723
   -0.719313
   -0.723985
   -0.744825
   -0.738523
   -0.730066
   -0.724833
   -0.730811
   -0.732415
   -0.742172
   -0.742751
   -0.751734
   -0.730905
   -0.746758
   -0.733575
   -0.745175
    -0.75226
   -0.817321
   -0.741116
   -0.731674
   -0.731809
   -0.722914
   -0.737465
   -0.734077
   -0.745421
   -0.734883
   -0.738957
   -0.731157
   -0.744416
   -0.731189
   -0.733405
   -0.719883
   -0.733346
     -0.7311
   -0.742745
   -0.678498
   -0.715455
   -0.731674
   -0.718159
   -0.727181
   -0.725167
   -0.740303
   -0.730181
   -0.727903
   -0.722777
   -0.737376
   -0.730993
   -0.725378
   -0.712515
   -0.740951
   -0.744367
   -0.779092
   -0.725854
   -0.732175
   -0.696114
   -0.721849
    -0.74863
   -0.717761
   -0.739992
   -0.706768
   -0.736733
   -0.712185
   -0.728191
   -0.722056
   -0.737752
   -0.712495
    -0.64597
   -0.684997
   -0.698555
   -0.725117
   -0.773458
   -0.695874
   -0.719048
   -0.698408
   -0.728098
   -0.706453
   -0.723365
        -0.7
   -0.723304
   -0.714602
   -0.725699
    -0.71019
   -0.709281
   -0.708232
   -0.725512
    -0.69151
   -0.740272
   -0.716229
   -0.763026
   -0.737824
   -0.757454
   -0.756628
   -0.761522
   -0.747409
   -0.763765
    -0.75909
   -0.766141
   -0.749552
   -0.757112
   -0.752335
   -0.754413
   -0.755606
   -0.765135
   -0.776567
   -0.776236
   -0.766747
   -0.772666
   -0.748077
   -0.766141
   -0.754062
   -0.779335
   -0.759144
   -0.771955
   -0.756647
   -0.772516
   -0.748324
   -0.763456
   -0.755872
     -0.7703
   -0.689863
   -0.694809
   -0.741137
   -0.690438
   -0.740541
   -0.676784
   -0.739303
    -0.65788
   -0.684815
   -0.697465
   -0.688464
   -0.661954
   -0.698844
   -0.727762
   -0.743619
   -0.753135
   -0.739451
   -0.755617
   -0.746855
   -0.752886
   -0.752201
   -0.744987
   -0.744834
   -0.755671
   -0.748589
   -0.752255
    -0.74765
   -0.645312
   -0.679034
    -0.69519
   -0.687702
   -0.697603
   -0.675336
   -0.687435
   -0.682175
   -0.698271
   -0.672535
   -0.711266
   -0.679158
    -0.72256
   -0.746964
   -0.740702
   -0.754518
   -0.746228
   -0.749806
   -0.741115
   -0.751943
   -0.741279
   -0.760864
   -0.752902
   -0.680511
   -0.694017
    -0.65652
   -0.702041
   -0.674123
   -0.703499
    -0.68246
   -0.702622
   -0.667087
   -0.742539
   -0.766825
   -0.734597
   -0.744746
   -0.714581
   -0.737006
   -0.754947
   -0.726187
   -0.742487
   -0.731292
   -0.734244
   -0.689897
   -0.678902
   -0.728926
   -0.686211
   -0.728398
   -0.717896
   -0.736001
   -0.738471
   -0.725448
   -0.726068
   -0.716947
   -0.732585
   -0.732129
   -0.724724
   -0.739794
   -0.732058
   -0.729083
   -0.724325
   -0.742081
    -5.97999
    -6.02386
    -6.00748
    -5.96404
    -5.99965
    -5.95909
    -5.93812
    -5.94206
    -5.91138
    -5.89209
    -5.89665
    -5.88597
    -5.87006
    -5.87622
    -5.86202
    -5.85072
     -5.8534
    -5.84697
    -5.84524
    -6.05554
    -6.10157
    -6.07106
    -6.03377
    -6.09455
    -6.07137
    -6.02047
    -6.06845
    -6.05413
    -5.83529
    -5.84936
    -5.84068
    -5.86054
    -5.87469
    -5.84813
    -5.85455
    -5.85175
    -5.86098
     -5.8378
     -5.8799
    -5.88378
     -5.9139
    -5.86058
    -6.04198
    -6.02889
    -6.04941
    -6.04784
     -6.0216
    -6.04679
    -6.02609
    -6.01546
    -6.05141
    -6.04299
    -6.09341
    -6.03011
    -6.03304
    -6.00917
    -6.04572
    -6.01466
    -6.03561
    -6.02455
    -6.05427
    -5.99973
    -6.05951
    -6.02957
    -6.00502
    -6.01266
    -5.99899
    -5.97441
    -6.00054
    -5.99077
    -5.94259
    -5.95318
    -5.87911
     -5.8447
     -5.8621
    -5.85645
    -5.85194
    -5.88625
    -5.87403
    -5.86049
    -5.87292
    -5.86927
    -5.87417
    -5.87472
    -5.86405
    -5.85671
    -5.85597
    -5.87518
    -5.94504
    -5.90916
    -5.88762
    -6.09394
    -6.11089
    -6.09085
    -6.08696
     -6.1054
    -6.10753
    -6.08727
    -6.09519
    -6.09367
    -6.08105
    -6.10467
    -6.09662
    -6.08041
     -6.1001
    -6.08773
    -6.06255
     -6.0905
    -6.07873
    -6.07773
    -6.08227
    -6.07343
    -6.06309
    -6.07111
     -6.0583
    -6.05851
    -6.07526
    -6.06658
    -6.07964
    -6.05329
    -6.06213
    -6.05627
    -6.06508
     -6.0397
     -6.0585
    -6.05604
    -6.07034
     -6.0619
    -6.08529
    -6.03046
    -6.03681
    -6.03527
    -6.01908
    -6.03008
     -6.0244
    -5.96739
     -6.0185
    -6.02146
    -5.99419
    -6.01513
     -6.0074
     -5.9659
    -5.99855
    -6.00459
    -6.02315
    -5.94393
    -6.00397
     -5.9874
    -6.00519
     -5.9807
    -5.99041
    -5.98242
    -5.98837
    -5.96493
    -5.97187
    -5.97549
     -5.9961
    -5.98464
    -5.94265
    -5.85159
    -5.85427
    -5.84396
    -5.84813
    -6.15013
    -6.22356
    -6.18384
    -6.17785
    -6.20125
    -6.17614
    -5.94988
    -5.88356
    -6.15523
    -6.14428
    -6.16492
    -6.14536
     -6.1508
    -6.17982
    -6.16559
    -6.14658
    -6.17545
    -6.16597
    -6.15545
    -6.16188
    -6.17385
    -6.13555
    -6.15283
    -6.15591
    -6.15792
    -6.17645
    -6.15653
    -6.20739
    -6.14258
     -6.1669
    -6.13449
    -6.17482
    -6.12818
    -6.13104
    -6.14184
    -6.15529
    -6.12871
    -6.13737
    -6.13125
    -6.13724
    -6.11813
    -6.12194
    -6.11212
    -6.12914
     -6.0956
    -6.13466
    -6.12473
    -6.13164
    -6.11817
      -6.109
    -6.11672
    -6.11041
    -6.09818
    -6.14629
    -6.11848
    -6.20198
    -6.08631
    -6.09366
     -6.0849
    -6.07597
    -6.08641
    -6.07038
    -6.05557
    -6.06813
    -6.07852
    -6.08771
    -6.06302
     -6.0768
    -6.07944
    -6.09602
    -6.04741
    -6.08776
    -6.05983
    -6.07109
    -6.02791
    -6.06341
    -6.05413
    -6.06129
    -6.04846
    -6.03877
    -6.04694
    -6.02183
    -6.02458
    -6.04884
    -6.04181
    -6.01361
    -6.03814
    -6.02742
    -5.99893
    -6.02677
    -5.87874
    -6.03519
     -6.2051
    -6.20081
    -6.20263
    -6.19082
    -6.19134
    -6.19463
    -6.19254
    -6.19228
    -6.19683
    -6.19238
    -6.18382
    -6.18751
    -6.18061
    -6.17604
    -6.19065
    -6.18739
     -6.1796
     -6.1887
    -6.18326
      -6.179
    -6.18582
    -6.17429
    -6.19211
    -6.17257
    -6.17434
    -6.17362
    -6.18128
    -6.15915
    -6.16657
    -6.16629
    -6.16916
    -6.15492
    -6.15094
    -6.15355
    -6.15867
    -6.15141
    -6.15765
    -6.14617
     -6.1372
     -6.1473
    -6.13914
    -6.13948
    -6.15057
    -6.13877
    -6.13375
    -6.13452
    -6.13953
    -6.14875
    -6.13896
    -6.10913
    -6.11736
    -6.11793
    -6.13542
    -6.11388
    -6.11997
    -6.11315
    -6.11831
     -6.0991
    -6.10027
    -6.10315
    -6.11164
    -6.08607
    -6.10055
    -6.10047
    -6.11517
      -6.099
    -6.09155
     -6.0894
    -6.08743
    -6.07986
    -6.09015
    -6.07787
    -6.06993
     -6.0778
    -6.07096
    -6.06419
    -6.07847
     -6.0679
    -6.06224
    -6.06059
    -6.05736
    -6.05642
    -6.06256
    -6.22969
    -6.23623
    -6.23815
    -6.22754
    -6.21822
    -6.22255
    -6.21058
    -6.27733
     -6.2675
    -6.26941
    -6.26169
    -6.25983
    -6.27199
    -6.26349
    -6.26029
     -6.2652
     -6.2579
    -6.24752
     -6.2547
    -6.24839
    -6.24122
    -6.25589
    -6.24526
    -6.26229
    -6.24157
    -6.24733
    -6.24246
     -6.2494
    -6.21572
     -6.2364
    -6.23236
    -6.22917
    -6.23684
     -6.2264
     -6.2316
    -6.22594
    -6.21558
    -6.21851
    -6.21364
    -6.20436
    -6.22489
    -6.21346
    -6.20825
    -6.20986
    -6.20477
    -6.19511
    -6.19755
    -6.19345
      -6.196
     -6.1997
    -6.19708
    -6.18844
    -6.19121
    -6.18677
     -6.1727
    -6.18489
    -6.19063
    -6.17505
    -6.18305
    -6.17887
    -6.16357
    -6.16745
     -6.1582
    -6.14768
    -6.16768
    -6.17367
    -6.18107
    -6.16253
    -6.16999
    -6.16812
    -6.16891
    -6.15556
    -6.14878
    -6.15143
    -6.12487
    -6.15644
    -6.15595
    -6.15656
    -6.14888
    -6.14533
    -6.14441
    -6.14387
     -6.1367
    -6.14329
    -6.13948
    -6.13729
    -6.13792
    -6.13038
    -6.12655
    -6.12813
    -6.11494
    -6.12255
    -6.12869
    -6.12309
    -6.11517
    -6.11682
    -6.11229
    -6.10539
    -6.11142
    -6.11761
     -6.3017
    -6.30791
    -6.29846
    -6.28621
    -6.29161
    -6.27988
    -6.26762
    -6.30563
    -6.31421
    -6.28753
    -6.32945
      -6.282
    -6.26509
    -6.32752
    -6.30046
    -6.26949
    -6.28865
    -6.27958
    -6.24866
    -6.27564
    -6.27554
    -6.32625
    -6.23663
    -6.29465
    -6.27769
    -6.31081
    -6.25051
    -6.28407
    -6.26559
    -6.33618
    -6.23096
     -6.2906
    -6.26026
    -6.31578
    -6.22931
    -6.25679
    -6.24016
    -6.24243
    -6.21526
    -6.23341
    -6.22094
     -6.2283
    -6.19441
    -6.24134
    -6.23704
    -6.27032
    -6.17015
     -6.2457
    -6.23112
    -6.27816
    -6.24007
    -6.23008
    -6.24902
    -6.23584
    -6.22116
    -6.24559
    -6.23679
    -6.22687
    -6.26793
    -6.23911
    -6.21163
    -6.23145
    -6.22411
    -6.20246
    -6.22574
    -6.22222
    -6.19077
    -6.21848
    -6.18799
    -6.18546
    -6.21685
    -6.21309
    -6.27581
    -6.18633
    -6.20844
    -6.20873
    -6.22117
    -6.16906
    -6.22093
    -6.33759
    -6.33742
    -6.35484
    -6.34517
    -6.38565
    -6.37273
    -6.33884
    -6.38541
    -6.36171
    -6.34246
    -6.39743
    -6.31335
    -6.36212
    -6.33855
     -6.3875
    -6.26795
    -6.36033
    -6.34196
    -6.38629
    -6.34981
    -6.33521
    -6.37284
    -6.34195
    -6.29796
    -6.33744
    -6.32499
    -6.30645
    -6.34618
     -6.2785
    -6.29718
    -6.33059
    -6.26699
    -6.29995
    -6.28263
       -6.31
    -6.25488
    -6.31037
     -6.2886
    -6.30414
    -6.24835
    -6.27423
     -6.2642
    -6.25684
    -6.23052
    -6.24428
    -6.24459
    -6.25997
    -6.21276
      -6.265
    -6.25932
    -6.28354
     -6.2623
     -6.2519
    -6.27064
    -6.25448
    -6.24317
    -6.24721
    -6.25338
    -6.24803
    -6.25244
    -6.25163
    -6.24801
    -6.26878
    -6.26368
    -6.32942
     -6.2231
    -6.23583
    -6.23575
    -6.21992
    -6.23343
    -6.19076
    -6.39425
      -6.362
    -6.39027
    -6.36892
    -6.36281
    -6.35569
    -6.41765
    -6.36561
    -6.34142
    -6.35994
    -6.34411
     -6.3265
    -6.35407
    -6.33718
     -6.3119
    -6.33919
    -6.31063
     -6.2978
     -6.3363
    -6.32356
    -6.38246
    -6.29326
    -6.31103
     -6.3011
    -6.28033
    -6.30018
    -6.30401
    -6.34675
    -6.28702
    -6.31564
    -6.25169
    -6.23242
    -6.21661
    -6.23247
     -6.2113
    -6.21209
    -6.23249
     -6.2411
    -6.25516
    -6.21987
    -6.22966
     -6.2323
    -6.24482
    -6.20536
    -6.24058
    -6.39415
    -6.38687
    -6.39729
    -6.39219
    -6.44312
    -6.35353
    -6.41224
    -6.39828
    -6.42852
    -6.33139
    -6.41477
    -6.38471
    -6.43579
    -6.39568
    -6.36963
    -6.39209
    -6.37781
    -6.36395
    -6.37945
    -6.38779
    -6.33914
    -6.33153
    -6.33891
     -6.3409
     -6.3322
    -6.33711
    -6.32627
    -6.31321
     -6.3238
    -6.31527
    -6.30525
     -6.3192
    -6.31316
    -6.33116
    -6.30346
    -6.30873
     -6.3048
    -6.31185
    -6.29475
    -6.30104
     -6.2953
    -6.30184
    -6.27278
    -6.29478
    -6.27723
    -6.28215
    -6.28449
    -6.27668
     -6.2784
    -6.27552
    -6.26859
    -6.27571
    -6.27109
     -6.2752
    -6.28051
    -6.27011
    -6.26529
    -6.26649
     -6.2615
    -6.25805
    -6.27457
    -6.27293
    -6.25826
    -6.26829
    -6.26103
    -6.24916
    -6.26007
     -6.2585
    -6.25178
    -6.26155
    -6.25628
    -6.24946
     -6.2533
     -6.2406
    -6.24566
    -6.25707
     -6.2552
    -6.26583
    -6.24334
    -6.25259
    -6.25053
    -6.25658
    -6.24738
    -6.42064
    -6.40661
    -6.44426
    -6.42956
     -6.3743
    -6.39302
    -6.39867
    -6.38496
    -6.38085
    -6.38522
    -6.37558
    -6.36891
    -6.37335
    -6.37094
    -6.36289
    -6.36653
    -6.35883
    -6.35122
    -6.35063
    -6.35306
    -6.37711
    -6.40388
    -6.40997
    -6.40716
    -6.43111
    -6.39865
    -6.39695
    -6.42941
    -6.40859
      -6.387
     -6.4046
    -6.37297
    -6.35532
    -6.36699
    -6.35196
    -6.34507
    -6.35172
    -6.36215
     -6.3409
    -6.38242
    -6.36585
    -6.34544
    -6.37844
    -6.35667
     -6.3308
    -6.35162
    -6.36899
    -6.41337
    -6.33676
    -6.36674
    -6.35937
     -6.4015
    -6.33649
    -6.37269
    -6.36118
    -6.36884
    -6.31568
     -6.3407
    -6.34913
    -6.38006
    -6.31899
    -6.34614
    -6.32657
    -6.25543
    -6.37312
    -6.37701
    -6.37231
    -6.39277
    -6.39875
    -6.39857
    -6.45289
    -6.41703
    -6.44796
    -6.41421
    -6.46178
     -6.4286
    -6.48013
    -6.39374
    -6.42178
    -6.41187
    -6.42925
    -6.37582
    -6.41058
    -6.41662
    -6.45197
    -6.47105
    -6.36925
    -6.38475
    -6.38803
     -6.4172
    -6.41753
    -6.48615
    -6.38992
    -6.44317
    -6.42434
    -6.48378
    -6.38425
    -6.42654
     -6.3952
    -6.34662
    -6.38383
    -6.33849
    -6.35937
    -6.36423
    -6.30585
    -6.33334
    -6.31587
    -6.35983
    -6.34298
    -6.33856
     -6.3618
    -6.32773
    -6.32172
    -6.34709
    -6.34375
    -6.46381
    -6.39702
    -6.40712
    -6.37514
    -6.42779
    -6.42686
    -6.51285
    -6.46748
    -6.41671
    -6.49398
    -6.48222
    -6.43009
    -6.47714
    -6.45321
    -6.39883
    -6.42564
    -6.42746
    -6.44274
    -6.48524
     -6.5143
    -6.51318
    -6.51729
    -6.51815
     -6.5095
    -6.50656
    -6.48411
    -6.51466
    -6.43199
    -6.44526
    -6.43422
    -6.48612
    -6.38044
    -6.43239
    -6.42452
    -6.48906
    -6.38576
     -6.4384
    -6.39804
    -6.46691
    -6.32712
    -6.43133
    -6.40637
    -6.45302
    -6.41446
    -6.38221
    -6.47642
    -6.42042
    -6.38418
    -6.43667
    -6.42111
    -6.52757
    -6.38355
    -6.43258
    -6.38454
    -6.41139
    -6.37088
    -6.37887
    -6.36615
      -6.361
    -6.36942
     -6.3906
    -6.38931
    -6.39778
    -6.38498
    -6.36055
    -6.39348
    -6.38926
    -6.37806
    -6.39078
    -6.38669
    -6.41563
    -6.36676
     -6.3839
    -6.38609
    -6.39436
    -6.36749
    -6.38535
    -6.37363
    -6.39036
     -6.3588
    -6.38423
    -6.37595
    -6.47307
    -6.42918
    -6.39233
    -6.44932
    -6.42385
    -6.41125
    -6.37904
    -6.39601
    -6.38501
    -6.37465
    -6.39165
    -6.38562
    -6.37672
    -6.39538
    -6.38626
    -6.38484
    -6.39359
    -4.22221
    -4.22209
    -4.21353
    -4.22335
    -4.22133
    -4.21577
    -4.22229
    -4.21574
    -4.21845
      -4.222
    -4.21219
     -4.2124
    -4.22824
     -4.2098
    -4.20275
    -4.18249
    -4.20074
    -4.19123
    -4.11967
    -4.13313
    -4.11707
    -4.24514
    -4.14686
    -4.12294
     -4.2008
    -4.28936
    -4.15525
    -4.15361
    -4.15134
    -4.15224
    -4.15229
     -4.1542
     -4.1498
    -4.14764
    -4.14519
     -4.1538
    -4.14761
     -4.1493
    -4.13767
    -4.14726
    -4.15692
    -4.15537
    -4.14806
    -4.13285
    -4.14678
    -4.13473
    -4.14182
    -4.22483
    -4.19048
    -4.13579
    -4.13879
    -4.22831
    -4.22845
    -4.21433
    -4.18542
     -4.2345
    -4.22449
    -4.22477
    -4.24469
    -4.23067
    -4.23137
    -4.21677
    -4.22378
    -4.20633
    -4.21756
    -4.02332
    -4.14404
    -4.14359
    -4.20436
     -4.1321
     -4.1369
     -4.2393
    -4.18045
    -4.15105
    -4.22198
    -4.16642
    -4.15753
     -4.2179
    -4.17699
    -4.12965
    -4.12643
    -4.12895
     -4.1208
    -4.12586
    -4.12346
      -4.125
    -4.11438
    -4.12026
    -4.11725
    -4.10533
    -4.11298
    -4.12225
    -4.14257
    -4.14268
    -4.13668
    -4.14209
    -4.14441
    -4.13781
    -4.14253
    -4.13674
    -4.14168
    -4.14103
    -4.13883
    -4.14254
    -4.12848
    -4.12664
    -4.13525
    -4.13332
    -4.12264
    -4.12994
     -4.1295
    -4.12071
      -4.134
    -4.12946
    -4.12527
    -4.13045
    -4.13093
    -4.12611
    -4.13198
    -4.13127
    -4.12292
    -4.12552
    -4.11904
    -4.12676
    -4.12474
    -4.12256
    -4.11453
    -4.11601
    -4.12944
    -4.14392
    -4.12093
    -4.11011
    -4.10573
    -4.13246
    -4.11417
    -4.11111
    -4.12265
    -4.10892
    -4.11339
    -4.08489
    -4.09091
    -4.09697
    -4.09575
     -4.0786
    -4.08333
    -4.05009
    -4.13173
    -4.13783
    -4.13525
    -4.14056
    -4.13197
    -4.13114
    -4.15938
    -4.13954
    -4.13439
     -4.1187
    -4.13375
    -4.13393
     -4.1321
     -4.1217
    -4.12866
    -4.12325
    -4.23441
    -4.13001
    -4.12333
    -4.11024
    -4.11246
    -4.13922
    -4.13554
    -4.12472
    -4.11184
    -4.10519
    -4.13095
    -4.12268
    -4.11892
    -4.12146
    -4.12042
    -4.12573
    -4.11111
    -4.10111
    -4.10693
    -4.08605
    -4.12559
    -4.14334
    -4.13437
    -4.13396
    -4.14104
      -4.134
    -4.13173
    -4.12781
    -4.13412
    -4.13003
    -4.13699
     -4.1282
    -4.12552
     -4.1143
    -4.21349
    -4.13119
    -4.11949
    -4.12177
    -4.12518
    -4.12926
     -4.1375
     -4.1168
    -4.12161
    -4.12026
    -4.11613
    -4.11246
    -4.10665
    -4.11564
    -4.12237
     -4.1121
    -4.10967
     -4.1054
    -4.11271
    -4.09457
    -4.14029
    -4.13635
    -4.13036
    -4.12833
    -4.13123
    -4.13477
    -4.12846
    -4.13816
    -4.12691
    -4.12735
    -4.13442
    -4.13076
    -4.12901
    -4.14208
    -4.13447
    -4.12853
    -4.13422
    -4.09809
    -4.11229
    -4.09935
    -4.09435
    -4.08848
    -4.08678
    -4.08897
    -4.08981
    -4.10329
    -4.08641
    -4.11225
    -4.11512
    -4.11333
    -4.11153
    -4.10081
    -4.11155
    -4.10473
    -4.10913
    -4.12018
    -4.11308
     -4.1062
    -4.10669
    -4.10717
     -4.1117
    -4.11924
    -4.10589
     -4.1037
    -4.15996
    -4.10829
    -4.10052
    -4.09055
    -4.10659
    -4.07616
    -4.08661
    -4.07664
    -4.06134
    -4.04907
    -4.07903
    -4.06945
    -4.06934
    -4.02277
    -4.13761
     -4.1471
    -4.13563
    -4.12468
    -4.11942
    -4.11759
    -4.12237
    -4.11218
    -4.11456
    -4.10583
    -4.10932
    -4.10344
    -4.11462
    -4.10669
    -4.09328
    -4.10465
    -4.11029
    -4.11669
    -4.11457
    -4.10914
    -4.10384
    -4.09353
    -4.10585
    -4.10928
    -4.10346
     -4.1123
    -4.09805
    -4.09877
    -4.14237
     -4.1042
    -4.09122
    -4.10524
    -4.08938
    -4.08996
    -4.09469
    -4.08588
    -4.09153
    -4.10659
    -4.08406
    -4.08447
    -4.07186
    -4.07671
    -4.07782
    -4.07518
    -4.06206
    -4.06636
    -4.06374
    -4.01852
    -4.15101
    -4.20653
    -4.14525
    -4.14524
    -4.14196
    -4.14371
    -4.10885
     -4.1144
    -4.10989
    -4.11387
    -4.10763
    -4.11527
    -4.10652
    -4.10963
    -4.12983
    -4.11872
    -4.11431
    -4.11481
    -4.11281
     -4.1087
    -4.10854
    -4.11603
    -4.10677
    -4.10781
    -4.13402
    -4.10808
    -4.10818
    -4.09552
    -4.10875
    -4.10702
    -4.10573
    -4.10902
    -4.10302
    -4.11996
    -4.12131
     -4.1136
     -4.1164
    -4.11247
    -4.14305
    -4.12303
    -4.10946
     -4.1131
    -4.10873
    -4.11364
    -4.11708
    -4.11096
    -4.10995
    -4.10974
    -4.11047
    -4.11117
    -4.10654
    -4.10428
    -4.10298
    -4.07475
    -4.09028
     -3.9629
    -4.11517
    -4.11212
    -4.11364
    -4.11408
    -4.11151
    -4.09614
    -4.11663
    -4.10942
    -4.11076
    -4.10929
    -4.11058
    -4.11645
    -4.11763
     -4.1141
    -4.10475
    -4.11366
    -4.11492
    -4.11599
    -4.12115
    -4.11238
    -4.10996
    -4.09986
     -4.1289
    -4.11923
     -4.1191
    -4.11818
     -4.1225
    -4.12135
     -4.1146
    -4.12761
    -4.11878
    -4.11829
    -4.12914
    -4.12635
    -4.11231
    -4.11425
    -4.12373
    -4.12662
    -4.17001
    -4.11855
    -4.11516
    -4.11737
       -4.11
    -4.12802
    -4.10947
    -4.13021
    -4.11029
    -4.10701
    -4.11123
    -4.11253
    -4.10436
    -4.11473
     -4.1088
      -4.102
    -4.12403
    -4.12059
    -4.12105
      -4.117
    -4.11966
    -4.12081
    -4.11371
     -4.1233
     -4.1177
    -4.11856
    -4.10894
    -4.11549
    -4.10455
    -4.09191
    -4.11163
    -4.10932
    -4.11054
    -4.10975
    -4.10657
    -4.12503
    -4.11959
    -4.11765
    -4.11892
    -4.12263
     -4.1192
    -4.12053
    -4.12119
    -4.12452
    -4.11199
    -4.03759
    -4.06579
    -4.13045
    -4.10098
    -4.11746
    -4.11679
    -4.12469
    -4.11004
    -4.34073
    -4.24112
    -4.22503
    -4.23404
    -4.21156
    -4.20494
    -4.21164
      -4.205
    -4.20647
    -4.20083
    -4.19988
     -4.1839
    -4.19741
    -4.19254
    -4.18035
    -4.18292
    -4.17623
    -4.18773
      -4.202
    -4.17333
    -4.20849
    -4.14168
    -4.13275
     -4.1426
    -4.20445
    -4.04972
    -4.04986
    -4.04841
    -4.04295
    -4.04643
    -4.04225
    -4.10883
    -4.05181
    -4.24263
    -4.19144
    -4.18809
    -4.18883
    -4.17317
    -4.18216
    -4.18096
    -4.17867
    -4.16989
    -4.17516
    -4.17357
    -4.16771
    -4.16366
    -4.15469
    -4.15538
    -4.15443
    -4.15231
    -4.15159
    -4.14458
    -4.13801
    -4.18947
     -4.1608
    -4.14421
    -4.13217
     -4.1571
    -4.17768
    -4.13223
    -4.13167
    -4.12742
     -4.1304
    -4.11462
    -4.12377
    -4.13847
    -4.11883
    -4.13039
    -4.20132
    -4.10376
    -4.24349
    -4.13693
    -4.18289
    -4.19039
    -4.16987
    -4.17616
    -4.17184
    -4.15531
     -4.1545
    -4.15979
     -4.1552
    -4.14968
    -4.14765
    -4.13493
    -4.13921
    -4.15006
    -4.13688
    -4.13172
    -4.13092
     -4.1239
    -4.13171
    -4.13044
    -4.12474
    -4.11703
    -4.11516
    -4.11654
    -4.11717
    -4.10868
    -4.10294
    -4.10536
    -4.10803
    -4.09919
    -4.09918
    -4.09428
    -4.07832
    -4.08282
    -4.09079
     -4.0831
    -4.08181
    -4.07333
    -4.07407
    -4.20071
    -4.23771
    -4.09672
    -4.14336
    -4.03905
    -4.20347
    -4.19344
    -4.20057
    -4.19758
    -4.19128
    -4.18973
    -4.19433
    -4.18659
    -4.18807
    -4.18333
    -4.18935
    -4.18137
    -4.17637
    -4.18204
    -4.17337
    -4.16788
    -4.17088
    -4.16057
      -4.167
     -4.1655
    -4.16289
    -4.15531
    -4.16012
    -4.16196
    -4.15051
    -4.15175
    -4.14254
    -4.14273
    -4.14653
    -4.14585
     -4.1336
    -4.13237
    -4.13693
    -4.12353
    -4.12541
    -4.12682
    -4.11582
    -4.12154
    -4.12361
    -4.11278
    -4.11359
    -4.11018
    -4.10574
     -4.1032
    -4.10413
     -4.1017
    -4.09782
    -4.09813
    -4.08221
    -4.08342
    -4.09199
    -4.08101
    -4.07633
    -4.07491
    -4.06473
    -4.06475
    -4.06959
    -4.06806
    -4.05793
     -4.0585
     -4.0495
    -4.05121
    -4.05841
    -4.05238
    -4.11481
    -4.05039
     -4.0445
    -4.04791
    -4.08425
     -4.0482
    -4.18526
    -4.12168
    -4.16307
    -4.11727
    -4.00371
    -4.13914
    -4.14152
    -4.13831
    -4.13879
    -4.13569
    -4.13226
      -4.128
    -4.13085
    -4.13114
    -4.12394
    -4.12161
    -4.12547
    -4.12095
    -4.11991
     -4.1202
    -4.11187
    -4.11017
    -4.11283
    -4.10016
    -4.10531
    -4.10534
    -4.09715
    -4.08854
     -4.0943
    -4.08749
    -4.08708
    -4.08032
    -4.08052
     -4.0877
    -4.08346
     -4.0798
    -4.07341
    -4.08044
    -4.07118
    -4.06575
    -4.06905
    -4.05933
    -4.05903
    -4.05993
    -4.05159
    -4.06123
    -4.05566
    -4.04129
    -4.03819
    -4.04172
    -4.02867
    -4.03242
    -4.03616
    -4.03708
    -4.03788
    -4.02895
    -4.01335
    -4.01851
    -4.02398
    -4.01874
    -4.01232
    -4.13857
    -4.08281
    -4.08481
    -4.02906
     -3.9742
    -3.96643
    -4.14808
    -4.14691
    -4.14604
    -4.14907
    -4.14847
    -4.14716
    -4.14135
    -4.15275
    -4.14111
    -4.18145
    -4.14593
    -4.13677
    -4.16704
    -4.15415
    -4.15974
    -4.19604
    -4.14755
     -4.1583
    -4.16268
     -4.1322
    -4.09043
     -4.1953
    -4.14587
    -4.13696
    -4.12569
    -4.15414
    -4.13935
     -4.1028
    -4.14883
    -4.14133
    -4.08614
    -4.15675
     -4.1268
    -4.07822
    -4.05626
    -4.09329
    -4.10139
    -4.05871
    -4.05255
    -4.05068
    -4.04622
    -4.04148
    -4.04475
    -4.05074
    -4.03929
    -4.03718
    -4.02825
    -4.02624
    -4.03355
    -4.03181
    -4.02209
    -4.02067
    -4.01718
    -4.00585
    -4.01131
     -4.0131
    -4.00452
    -4.01575
    -4.00081
    -3.99235
    -3.99444
    -3.99596
    -3.98847
    -3.98376
     -3.9866
    -3.98594
    -3.98434
    -4.13761
    -4.04574
     -4.0432
    -4.10026
    -4.02391
     -3.9825
    -3.93062
    -4.13828
    -4.19265
    -4.17231
    -4.15196
    -4.16457
    -4.16896
    -4.16526
    -4.15011
    -4.16193
    -4.18649
     -3.9972
    -3.99318
    -4.05011
    -3.90516
    -3.89844
    -3.95406
    -3.95249
    -4.03993
    -4.02271
    -4.02734
    -4.05401
    -4.01521
    -4.00325
    -4.04898
    -4.00893
    -4.00456
    -4.03974
    -4.00686
    -3.98868
      -3.957
    -4.04725
    -4.00874
    -3.98735
    -3.97743
    -4.03212
    -3.99579
    -3.99905
    -3.95997
      -3.981
    -3.98237
    -3.94504
    -3.99371
    -3.97482
    -3.95056
    -3.98336
    -3.97235
     -3.9535
    -3.97613
    -3.94908
    -3.93377
    -4.05578
     -3.9243
    -9.33697
    -9.21877
    -9.22385
    -9.20658
    -9.21825
    -9.24794
    -9.22366
     -9.2461
    -9.22593
    -9.21059
    -9.23188
    -9.21091
    -9.24418
    -9.18476
     -9.1437
    -9.12535
    -9.11564
    -9.10128
    -9.11876
    -9.11212
    -9.11645
     -9.1043
     -9.1135
      -9.114
     -9.1219
    -9.16139
     -9.1759
    -9.18465
    -9.17637
     -9.2057
      -9.146
    -9.18873
    -9.18517
     -9.1809
    -9.18643
    -9.19295
    -9.18888
    -9.19125
     -9.1751
     -9.1961
    -9.18586
    -9.19383
    -9.18699
    -9.19626
    -9.20358
    -9.19554
     -9.2013
    -9.20659
    -9.20316
    -9.21245
    -9.20391
    -9.22974
    -9.21319
     -9.2183
    -9.19827
     -9.2193
    -9.28235
    -9.24833
     -9.2374
    -9.29174
    -9.25432
    -9.27024
    -9.27689
    -9.28595
    -9.27716
    -9.26113
    -9.20717
    -9.15368
    -9.14305
    -9.14894
    -9.13586
    -9.13658
    -9.13165
     -9.1541
     -9.1377
    -9.15265
     -9.1423
    -9.16953
    -9.17918
    -9.18135
    -9.17822
    -9.18525
    -9.17761
    -9.18527
    -9.16827
    -9.19303
    -9.19134
    -9.20447
    -9.17879
    -9.17631
    -9.17189
    -9.17735
    -9.18776
    -9.18324
    -9.18671
    -9.17131
    -9.17864
     -9.1833
    -9.17931
    -9.18849
    -9.20256
    -9.18621
     -9.1977
    -9.16852
    -9.20008
    -9.19551
    -9.20745
    -9.19901
    -9.20501
     -9.2123
    -9.20393
    -9.23084
    -9.23945
    -9.21713
    -9.25191
    -9.22043
    -9.23597
     -9.2257
    -9.24814
    -9.27091
     -9.2768
    -9.27696
    -9.26325
    -9.24481
    -9.25372
    -9.23646
    -9.29236
    -9.24641
    -9.25131
    -9.24642
     -9.2518
    -9.26873
    -9.25438
    -9.27691
    -9.23559
    -9.29517
    -9.26718
    -9.26507
    -9.26246
      -9.281
     -9.2906
     -9.2714
    -9.29405
    -9.30454
    -9.28796
     -9.2998
    -9.25132
    -9.35489
    -9.31994
    -9.24995
    -9.21915
    -9.32082
    -9.26502
    -9.29114
    -9.24591
    -9.28225
    -9.29685
    -9.25132
    -9.31287
     -9.3488
    -9.31496
     -9.2853
    -9.22016
    -9.34833
    -9.29281
    -9.31895
    -9.24926
    -9.31091
    -9.29563
    -9.26185
    -9.25114
    -9.22241
    -9.23887
    -9.19327
    -9.21918
     -9.1699
    -9.25647
    -9.23279
    -9.20978
    -9.18719
    -9.20108
    -9.24736
     -9.1991
    -9.23148
    -9.27584
    -9.20607
    -9.24154
    -9.18542
    -9.26259
    -9.23967
      -9.271
    -9.21234
      -9.258
    -9.25997
    -9.25728
    -9.27504
    -9.37626
    -9.32444
     -9.3714
    -9.30533
     -9.3069
    -9.29271
     -9.3294
     -9.3204
    -9.31799
    -9.31355
    -9.35315
    -9.36171
    -9.14712
    -9.18258
    -9.15581
    -9.24292
    -9.17558
    -9.19605
    -9.17588
    -9.19198
    -9.24107
    -9.18303
    -9.21551
    -9.24377
     -9.2116
    -9.21694
    -9.17621
    -9.22291
    -9.19276
       -9.23
    -9.18447
    -9.27878
    -9.21302
     -9.2421
     -9.1843
    -9.21586
    -9.25075
    -9.22585
    -9.19767
    -9.17973
    -9.19187
     -9.2094
    -9.20704
    -9.22172
    -9.26178
    -9.23314
    -9.25019
    -9.28229
    -9.22502
    -9.27185
    -9.17463
    -9.33022
    -9.26933
    -9.27037
    -9.21616
    -9.25877
    -9.29549
    -9.23918
    -9.26774
    -9.26254
    -9.26304
     -9.2945
    -9.26675
    -9.28981
    -9.22845
    -9.29363
    -9.29275
    -9.27646
    -9.29971
    -9.24159
    -9.32731
    -9.33202
    -9.16743
    -9.16536
    -9.13301
    -9.19326
    -9.15881
    -9.17546
    -9.14114
    -9.17882
    -9.17619
    -9.15106
    -9.15657
    -9.19954
     -9.1803
    -9.24909
    -9.13468
    -9.14911
    -9.14879
    -9.15631
    -9.16677
    -9.16243
    -9.17533
    -9.14975
    -9.17738
    -9.17646
    -9.17696
    -9.16763
    -9.17196
    -9.17944
     -9.1655
    -9.15824
    -9.11356
    -9.11874
    -9.10909
    -9.11405
    -9.11923
    -9.13979
    -9.11993
     -9.1286
    -9.11907
     -9.1286
    -9.13099
    -9.12481
    -9.13356
     -9.1375
     -9.1366
    -9.14156
    -9.13238
    -9.14186
    -9.14607
    -9.13754
    -9.13413
    -9.15223
    -9.14186
    -9.15342
    -9.16932
    -9.14891
     -9.1604
    -9.15799
    -9.16008
    -9.20727
    -9.19812
    -9.18531
    -9.19683
    -9.17725
    -9.18021
    -9.17279
    -9.20191
    -9.18315
    -9.19581
    -9.18142
    -9.20223
    -9.20576
    -9.19988
    -9.19587
    -9.15359
    -9.20572
    -9.20324
    -9.21811
    -9.18669
    -9.24138
    -9.21751
    -9.22913
    -9.20807
    -9.22625
    -9.24317
    -9.23716
    -9.24532
    -9.26769
    -9.24585
    -9.25321
    -9.11022
    -9.11009
    -9.10525
    -9.11206
    -9.11361
      -9.111
    -9.12473
    -9.08082
    -9.18507
    -9.16122
    -9.25393
    -9.19168
    -9.21294
     -9.1592
    -9.17335
    -9.20615
    -9.17149
    -9.18808
    -9.14555
    -9.20842
    -9.20176
      -9.209
    -9.15467
    -9.23473
    -9.18136
    -9.16957
    -9.15409
     -9.1682
    -9.19918
    -9.18532
    -9.22276
    -9.18174
    -9.24226
    -9.20988
    -9.22433
    -9.16197
    -9.27313
    -9.22975
    -9.26187
    -9.17648
    -9.23792
    -9.26636
    -9.21739
    -9.25114
    -9.22605
    -9.23082
    -9.25614
    -9.19025
    -9.31468
    -9.28147
    -9.25757
    -9.21754
    -9.23999
    -9.17039
    -9.28697
    -9.20604
    -9.12047
    -9.14319
    -9.12603
    -9.14412
    -9.07993
    -9.16348
    -9.11588
    -9.14847
    -9.12147
    -9.18478
    -9.14894
    -9.16816
    -9.13843
     -9.1553
    -9.18654
    -9.14133
    -9.18306
    -9.09714
    -9.23576
    -9.17916
    -9.20627
    -9.27663
    -9.27994
    -9.17434
    -9.34075
     -9.2497
    -9.29583
    -9.24365
    -9.35708
    -9.27986
    -9.27201
    -9.15069
    -9.13842
    -9.10278
    -9.14154
    -9.13546
    -9.06338
    -9.18065
    -9.15773
    -9.25107
    -9.21415
    -9.23594
    -9.26597
    -9.16402
     -9.2509
    -9.16133
    -9.16818
    -9.17865
    -9.20978
    -9.20598
    -9.18486
     -9.1985
    -9.19748
    -9.15074
    -9.19403
    -9.23294
    -9.17853
    -9.21654
    -9.13809
    -9.22116
    -9.18502
    -9.18503
    -9.16998
    -9.31346
    -9.29483
    -9.22824
     -9.2534
    -9.21457
    -9.13415
    -9.30464
    -9.10938
     -9.1329
    -9.21947
    -9.16923
    -9.16532
    -9.19222
     -9.1291
     -9.1813
    -9.12717
    -9.17642
    -9.19836
    -9.14149
    -9.17462
    -9.25932
    -9.05968
    -9.09201
    -9.09943
    -9.08924
    -9.09527
     -9.1081
    -9.08882
    -9.10754
    -9.07943
    -9.10934
    -9.08824
     -9.1058
     -9.0854
    -9.11291
    -9.12512
    -9.10921
    -9.14025
    -9.15378
    -9.12634
    -9.14234
    -9.11517
    -9.17665
      -9.138
    -9.15539
    -9.12307
    -9.13066
    -9.16272
    -9.13108
    -9.14951
    -9.17503
    -9.12218
    -9.14635
    -9.16235
    -9.12943
    -9.23887
    -9.06095
    -9.04311
     -9.0732
    -9.06042
    -9.07636
    -9.05707
    -9.07283
    -9.09802
    -9.06819
    -9.08533
    -9.10208
    -9.08368
     -9.0903
    -9.06263
    -9.11708
    -9.08466
    -9.08548
    -9.08366
    -9.11555
    -9.19108
    -9.15571
     -9.1854
    -9.11929
    -9.24215
    -9.17584
    -9.14783
    -9.14093
    -9.18468
    -9.18988
    -9.14842
    -9.19753
    -9.14902
    -9.20993
    -9.17117
    -9.18361
    -9.08131
    -9.03158
    -9.02498
    -9.06527
    -9.05065
    -9.07267
    0.231728
    0.219458
    0.228791
    0.224848
    0.219513
    0.212562
    0.219425
    0.209435
     0.22284
    0.192723
     0.35844
     0.35167
    0.356621
    0.343131
    0.337784
    0.341459
    0.339779
    0.332223
    0.331487
    0.337399
     0.33143
    0.331392
    0.333072
    0.324362
     0.23045
     0.23992
    0.277831
    0.212361
    0.209921
    0.197401
    0.201325
     0.45831
    0.432131
    0.436694
    0.440684
    0.435315
     0.43073
    0.426356
    0.427561
    0.426391
     0.40022
    0.425081
    0.422895
    0.389827
    0.363965
    0.333232
    0.258455
    0.392203
    0.366202
    0.296046
    0.394874
    0.399215
    0.403877
    0.386077
    0.385895
    0.390772
    0.382752
    0.383089
    0.377824
    0.377895
    0.371403
    0.371422
    0.371608
    0.373341
    0.368494
    0.533981
    0.510811
    0.513643
    0.514935
    0.504486
    0.504841
    0.504203
    0.503525
    0.505445
     0.50027
    0.497329
    0.498342
    0.487133
    0.490987
    0.491411
     0.48731
    0.484415
    0.438316
    0.477782
    0.481088
    0.465895
     0.47359
    0.473027
    0.458808
    0.461723
    0.460372
    0.463568
    0.460588
    0.455553
    0.455655
    0.453666
    0.451457
    0.450887
    0.452761
    0.455702
    0.454563
    0.450531
    0.590303
    0.602491
    0.589039
    0.587615
    0.576889
    0.582508
    0.582282
    0.577245
    0.582484
    0.571821
    0.573531
    0.568717
    0.561209
    0.565293
    0.565768
    0.567451
     0.56564
    0.514445
    0.554313
    0.558877
     0.55948
    0.547684
    0.554377
    0.538724
    0.545563
     0.54313
    0.540588
    0.546597
     0.54717
    0.540984
    0.541994
    0.544338
    0.541666
    0.542327
    0.540314
    0.544161
    0.540441
    0.534937
    0.540112
    0.539688
    0.675113
    0.686303
    0.672611
    0.659082
    0.663814
    0.661732
    0.655665
    0.653333
    0.656104
    0.653554
      0.6497
    0.649798
    0.650264
    0.653872
    0.628217
    0.644864
    0.642315
    0.644537
    0.596362
    0.638464
     0.63978
    0.639795
    0.628848
    0.634365
    0.631827
    0.626155
    0.625265
    0.633159
    0.632226
    0.626317
    0.632319
    0.631374
     0.62844
    0.635576
    0.631763
     0.63917
    0.633868
     0.62648
     0.64039
    0.635621
    0.634895
    0.636729
      0.7492
    0.765399
    0.755229
    0.744539
    0.743635
    0.739328
    0.742739
    0.737918
    0.738672
    0.725061
    0.739254
    0.734694
    0.730732
    0.736256
    0.703632
    0.726754
    0.730745
    0.728816
    0.715245
    0.719313
    0.723519
    0.728534
      0.6978
    0.729711
    0.714209
    0.714682
    0.721802
    0.719218
     0.71169
     0.72242
    0.718169
    0.705175
    0.729118
    0.718155
     0.72105
     0.72752
    0.725954
    0.718321
     0.72739
    0.727727
    0.703572
    0.732475
    0.730093
     0.72169
    0.757071
    0.726658
    0.937465
    0.820151
    0.825001
    0.805554
    0.812831
    0.815962
    0.816697
    0.800655
    0.799221
    0.796661
    0.805403
    0.796901
    0.798679
    0.797526
    0.793494
    0.799135
    0.764737
    0.800291
    0.796394
     0.79076
    0.793559
    0.789378
     0.78074
    0.786182
    0.783523
    0.785242
    0.801627
    0.787488
    0.783468
    0.792551
    0.786473
    0.783819
    0.790295
    0.783463
    0.983998
     0.89192
    0.898947
    0.880272
    0.882121
    0.879595
    0.876289
    0.873236
    0.876551
    0.873392
    0.871785
    0.866932
    0.872389
    0.865556
    0.796236
    0.798829
    0.805731
    0.798369
    0.793502
    0.825177
     0.80337
    0.801663
    0.811875
    0.806383
    0.807589
    0.812627
    0.811188
    0.807233
    0.809578
    0.810807
    0.809363
    0.811782
    0.808603
    0.818739
    0.816432
    0.880384
    0.877951
    0.840902
    0.869879
    0.876824
    0.871881
    0.868075
    0.871947
    0.871162
    0.861077
    0.869185
    0.868266
    0.860788
    0.879354
    0.874433
    0.866927
    0.879354
    0.880795
    0.887753
    0.883274
    0.876416
     0.89522
    0.891715
    0.885306
    0.885142
    0.821793
    0.832918
    0.825829
    0.820471
    0.822495
    0.831932
    0.825727
    0.821141
    0.827224
    0.827317
    0.816681
    0.837363
    0.832267
    0.833476
    0.841742
    0.838559
    0.833305
    0.836151
     1.01436
     0.99953
    0.987932
     0.99714
    0.976804
    0.983303
    0.981704
    0.983571
    0.979751
    0.963711
    0.979416
      0.9722
    0.968737
    0.973849
    0.970598
    0.972968
    0.946557
    0.968434
    0.977035
    0.969585
    0.964126
    0.985081
    0.974543
     0.97147
    0.965904
    0.960787
    0.898982
    0.895457
    0.896076
    0.903968
    0.897935
    0.910221
    0.907049
    0.903861
    0.916906
    0.911544
    0.906476
    0.921118
    0.918372
    0.911509
    0.924194
     0.83685
    0.843969
    0.837122
    0.838896
    0.978604
    0.972327
    0.981689
    0.981352
    0.968584
     0.99717
    0.987986
    0.980487
    0.994486
    0.990196
    0.997768
    0.996319
    0.987644
     1.01244
    0.998608
    0.930679
    0.929113
      0.9328
    0.934025
    0.927036
    0.940692
     0.93823
    0.934527
    0.952358
      0.9467
    0.940499
    0.951736
    0.949917
    0.935578
     1.09012
     1.11581
     1.07425
     1.05216
     1.05998
     1.06637
     1.04366
     1.04932
     1.05935
     1.01034
     1.03561
     1.07735
     1.05288
     1.03089
     1.10361
     1.05968
     1.01366
     1.01468
     1.02913
     1.01815
      1.0132
      1.0279
     1.02412
      1.0405
     1.02917
     1.02779
     1.04739
     1.04187
     1.03123
    0.954416
    0.958818
    0.956876
    0.951568
    0.965929
    0.963485
    0.957639
    0.961522
     1.05298
     1.06547
     1.05067
     1.04639
     1.06197
     1.05718
     1.07332
     1.06816
     1.06083
     1.08049
     1.06645
     1.09085
     1.08422
     1.11462
      1.0917
     1.08735
     1.09762
     0.59114
    0.587518
    0.567155
    0.576576
    0.579421
    0.573989
    0.501852
    0.547932
    0.546634
    0.568044
    0.467268
    0.480181
    0.470648
    0.607863
    0.603036
    0.590402
    0.614994
    0.604283
    0.601386
    0.589702
     0.59492
    0.592217
    0.600292
    0.572861
    0.570728
    0.672387
    0.660861
    0.615834
    0.547238
    0.631244
    0.683248
    0.663577
    0.545899
    0.517751
     0.63382
    0.651034
    0.655532
    0.625031
    0.617274
    0.617231
    0.603748
    0.608622
     0.55523
    0.558123
    0.693013
    0.690535
    0.685387
    0.688293
    0.686994
    0.690255
    0.680714
    0.682054
    0.672169
    0.672298
    0.668366
     0.66338
    0.660535
    0.666344
    0.606738
    0.652789
    0.633566
    0.613637
     0.60105
    0.634235
    0.635465
    0.620946
    0.630233
    0.629789
    0.630186
    0.625152
    0.622574
    0.590162
    0.621177
    0.618998
    0.607444
    0.619064
    0.614568
     0.60693
    0.619782
    0.606455
    0.604328
    0.604951
    0.595828
    0.590335
    0.607149
    0.594252
     0.58506
    0.597394
    0.591037
    0.578495
    0.583902
     0.58033
    0.550563
    0.576631
    0.567541
    0.757612
    0.778112
    0.777958
    0.743877
    0.776837
    0.773274
    0.767605
    0.768095
    0.751413
    0.757211
     0.75845
    0.746441
    0.741311
    0.745172
    0.732757
    0.731794
    0.713368
    0.686515
    0.722148
    0.729578
    0.692017
    0.659041
    0.722901
    0.725229
    0.713122
    0.724859
    0.720481
    0.713084
    0.724776
    0.714632
    0.710493
    0.718668
    0.708534
    0.696991
    0.740686
    0.715576
    0.693295
    0.888119
    0.876344
    0.880258
    0.883672
     0.86203
    0.881128
    0.879385
     0.87566
    0.862552
    0.863892
    0.868625
    0.879645
    0.858548
    0.715575
    0.687806
    0.710822
    0.703558
     0.70196
    0.736317
    0.696971
    0.701833
    0.701207
    0.697257
     0.68266
    0.703614
    0.692707
    0.680892
    0.696142
    0.693879
     0.68124
    0.687234
    0.664684
    0.769217
    0.882163
     0.85705
    0.841791
    0.853209
    0.845966
    0.849236
    0.851324
    0.843815
    0.840109
     0.83615
    0.835464
    0.829601
    0.831976
    0.831175
    0.811431
    0.835227
     0.83049
    0.827478
    0.836694
    0.824937
    0.824382
    0.843093
     0.83066
    0.823359
    0.830271
    0.828204
    0.816685
    0.822219
    0.819133
     0.80736
    0.833511
    0.821424
    0.820321
     0.82525
    0.810086
    0.952891
    0.953861
    0.956301
    0.954498
    0.952614
    0.943321
    0.951819
    0.950854
    0.948664
    0.941178
    0.942669
    0.942997
    0.943736
    0.937045
    0.942068
    0.941061
    0.926853
    0.945685
    0.937356
    0.934774
    0.818699
    0.823585
       0.819
    0.801343
    0.828351
    0.816408
    0.810062
    0.806086
    0.814985
     1.06969
     1.06777
     1.05449
     1.05273
     1.04757
     1.04709
    0.934759
    0.942866
    0.941022
    0.936242
    0.958384
    0.946713
    0.941288
    0.944996
    0.940901
    0.941414
    0.945456
    0.945411
    0.930678
    0.955791
    0.947996
     0.94593
    0.952266
    0.949995
    0.969509
    0.951426
    0.959629
     0.95242
    0.965796
    0.963168
    0.954024
    0.969028
    0.967185
    0.959743
    0.964313
     1.15633
     1.10536
     1.07976
      1.0248
     1.10596
     1.10495
     1.10162
     1.10037
     1.09885
       1.072
      1.1055
     1.09727
     1.07879
     1.10727
     1.08681
     1.08155
     1.08624
     1.06963
     1.00871
